1500
1501
1502
1503
1504
1505
1506
1507
1508
1509
1510
1511
1512
1513
1514
1515
1516
1517
1518
1519
1500
1501
1500
1501
1500
1501
1500
1501
1500
1501
1500
1501
1500
1501
1500
1501
1500
1501
1500
1501
1500
1501
1500
1501
1500
1501
1500
1501
1500
1501
1500
1501
1500
1501
1500
1501
1500
1501
1500
1501
1500
1501
1500
1501
1505
1506
1505
1506
1505
1506
1505
1506
1515
1515
1515
1515
1515
1515
1515
1515
1515
1515
1515
1515
1515
1515
1505
1506
1505
1506
1505
1506
1505
1506
1505
1506
1505
1506
1505
1506
1505
1506
1505
1506
1505
1506
1505
1506
1505
1506
1505
1506
1505
1506
1505
1506
1505
1506
1510
1510
1510
1510