1523
1524
1525
1526
1527
1528
1529
1530
1531
1532
1533
1534
1535
1536
1537
1538
1539
1540
1541
1542
1523
1523
1523
1523
1523
1523
1523
1523
1523
1523
1524
1524
1524
1524
1524
1524
1524
1524
1524
1524
1524
1524
1524
1524
1524
1524
1525
1528
1529
1528
1529
1528
1529
1528
1529
1528
1529
1528
1529
1528
1529
1528
1529
1528
1529
1528
1529
1533
1534
1533
1534
1533
1534
1533
1534
1533
1534
1533
1534
1533
1534
1533
1534
1533
1534