11500
11501
11502
11503
11504
11505
11506
11507
11508
11509
11510
11511
11512
11513
11514
11515
11516
11517
11518
11519
11500
11501
11500
11501
11500
11501
11500
11501
11500
11501
11500
11501
11500
11501
11500
11501
11500
11501
11500
11501
11500
11501
11500
11501
11500
11501
11500
11501
11500
11501
11500
11501
11500
11501
11500
11501
11500
11501
11500
11501
11500
11501
11500
11501
11505
11506
11505
11506
11505
11506
11505
11506
11515
11515
11515
11515
11515
11515
11515
11515
11515
11515
11515
11515
11515
11515
11505
11506
11505
11506
11505
11506
11505
11506
11505
11506
11505
11506
11505
11506
11505
11506
11505
11506
11505
11506
11505
11506
11505
11506
11505
11506
11505
11506
11505
11506
11505
11506
11510
11510
11510
11510
