11523
11524
11525
11526
11527
11528
11529
11530
11531
11532
11533
11534
11535
11536
11537
11538
11539
11540
11541
11542
11523
11523
11523
11523
11523
11523
11523
11523
11523
11523
11524
11524
11524
11524
11524
11524
11524
11524
11524
11524
11524
11524
11524
11524
11524
11524
11525
11528
11529
11528
11529
11528
11529
11528
11529
11528
11529
11528
11529
11528
11529
11528
11529
11528
11529
11528
11529
11533
11534
11533
11534
11533
11534
11533
11534
11533
11534
11533
11534
11533
11534
11533
11534
11533
11534
