1	命运之书	1	1	1	0
2	强效金创药	1	1	1	0
2	强效魔法药	1	1	1	0
2	神水	1	1	1	0
2	鹿血	1	1	1	0
2	鹿茸	1	1	1	0
2	太阳水	1	1	1	0
2	疗伤药	1	1	1	0
2	特殊药水	1	1	1	0
2	万年雪霜	1	1	1	0
2	强效太阳水	1	1	1	0
2	干肉	1	1	1	0
2	修复神水	1	1	1	0
1	记路标石	1	1	1	0
2	随机传送石	1	1	1	0
2	强化召唤卷	1	1	1	0
1	聚灵珠(小)	1	1	1	0
1	聚灵珠(大)	1	1	1	0
1	斗笠	1	1	1	0
2	比奇传送石	1	1	1	0
2	盟重回城石	1	1	1	0
1	彩票	1	1	1	0
1	祝福油	1	1	1	0
1	战神油	1	1	1	0
1	修复油	1	1	1	0
1	回城卷	1	1	1	0
1	行会回城卷	1	1	1	0
1	随机传送卷	1	1	1	0
1	地牢逃脱卷	1	1	1	0
1	邪恶药剂	1	1	1	0
1	魔力神水	1	1	1	0
1	精神神水	1	1	1	0
1	极速神水	1	1	1	0
1	体力强效神水	1	1	1	0
1	魔力强效神水	1	1	1	0
1	火球术	1	1	1	0
1	治愈术	1	1	1	0
1	基本剑术	1	1	1	0
1	精神力战法	1	1	1	0
1	抗拒火环	1	1	1	0
1	诱惑之光	1	1	1	0
1	施毒术	1	1	1	0
1	地狱火	1	1	1	0
1	雷电术	1	1	1	0
1	灵魂火符	1	1	1	0
1	大火球	1	1	1	0
1	攻杀剑术	1	1	1	0
1	召唤骷髅	1	1	1	0
1	瞬息移动	1	1	1	0
1	隐身术	1	1	1	0
1	集体隐身术	1	1	1	0
1	爆裂火焰	1	1	1	0
1	幽灵盾	1	1	1	0
1	火墙	1	1	1	0
1	刺杀剑术	1	1	1	0
1	神圣战甲术	1	1	1	0
1	疾光电影	1	1	1	0
1	心灵启示	1	1	1	0
1	困魔咒	1	1	1	0
1	半月弯刀	1	1	1	0
1	野蛮冲撞	1	1	1	0
1	地狱雷光	1	1	1	0
1	魔法盾	1	1	1	0
1	圣言术	1	1	1	0
1	群体治疗术	1	1	1	0
1	烈火剑法	1	1	1	0
1	召唤神兽	1	1	1	0
1	冰咆哮	1	1	1	0
4	新人・刃	1	1	1	0
4	屠龙	1	1	1	0
4	嗜魂法杖	1	1	1	0
4	赤血魔剑	1	1	1	0
4	龙牙	1	1	1	0
4	怒斩	1	1	1	0
4	逍遥扇	1	1	1	0
4	霸者之刃	1	1	1	0
1	千里传音(大)	1	1	1	0
1	千里传音	1	1	1	0
3	新人・甲	1	1	1	0
3	新人・衣	1	1	1	0
3	天魔神甲	1	1	1	0
3	圣战宝甲	1	1	1	0
3	法神披风	1	1	1	0
3	霓裳羽衣	1	1	1	0
3	天尊道袍	1	1	1	0
3	天师长袍	1	1	1	0
5	祈福项链	1	1	1	0
5	探测项链	1	1	1	0
5	技巧项链	1	1	1	0
5	求婚戒指	1	1	1	0
5	隐身戒指	1	1	1	0
5	传送戒指	1	1	1	0
5	麻痹戒指	1	1	1	0
5	复活戒指	1	1	1	0
5	火焰戒指	1	1	1	0
5	防御戒指	1	1	1	0
5	护身戒指	1	1	1	0
5	超负载戒指	1	1	1	0
2	灰色药粉(少量)	1	1	1	0
2	黄色药粉(少量)	1	1	1	0
2	灰色药粉(中量)	1	1	1	0
2	黄色药粉(中量)	1	1	1	0
2	黄色药粉(大量)	1	1	1	0
2	灰色药粉(大量)	1	1	1	0
2	护身符	1	1	1	0
2	护身符(大)	1	1	1	0
2	超级灰色药粉	1	1	1	0
2	超级黄色药粉	1	1	1	0
2	超级护身符	1	1	1	0
1	筹码包	1	1	1	0
1	回城卷包	1	1	1	0
1	地牢逃脱卷包	1	1	1	0
1	随机传送卷包	1	1	1	0
1	行会回城卷包	1	1	1	0
1	超级金创药	1	1	1	0
1	超级魔法药	1	1	1	0
1	庆典蛋糕	1	1	1	0
1	金条	1	1	1	0
1	金砖	1	1	1	0
1	金盒	1	1	1	0
1	反璞归真	1	1	1	0
1	个性发型	1	1	1	0
1	双倍卷轴	1	1	1	0
1	双倍宝典(小)	1	1	1	0
1	双倍宝典(中)	1	1	1	0
1	双倍宝典(大)	1	1	1	0
2	一心一意	1	1	1	0
2	心心相印	1	1	1	0
2	飞火流星	1	1	1	0
2	浪漫星雨	1	1	1	0
2	绮梦幻想	1	1	1	0
2	长空火舞	1	1	1	0
2	如雾似梦	1	1	1	0
1	一心一意包	1	1	1	0
1	心心相印包	1	1	1	0
1	飞火流星包	1	1	1	0
1	浪漫星雨包	1	1	1	0
1	绮梦幻想包	1	1	1	0
1	长空火舞包	1	1	1	0
1	如雾似梦包	1	1	1	0
1	血剑碎片	1	1	1	0
1	蛆卵	1	1	1	0
1	薄荷叶	1	1	1	0
1	食人树叶	1	1	1	0
1	毒蜘蛛牙齿	1	1	1	0
1	蝎子尾巴	1	1	1	0
1	食人树果实	1	1	1	0
1	铜矿	1	1	1	0
1	铁矿	1	1	1	0
1	银矿	1	1	1	0
1	金矿	1	1	1	0
1	黑铁矿石	1	1	1	0
1	绿宝石矿	1	1	1	0
1	紫水晶矿	1	1	1	0
1	沃玛号角	1	1	1	0
1	祖玛头像	1	1	1	0
1	玉水晶	1	1	1	0
1	红蛇果	1	1	1	0
1	勋章之心	1	1	1	0
1	骰子	1	1	1	0
1	木料	1	1	1	0
1	佛牌	1	1	1	0
1	筹码	1	1	1	0
1	幻境凭证	1	1	1	0
1	赤月恶魔油	1	1	1	0
1	药剂师的信	1	1	1	0
5	狂风戒指	1	1	1	0
5	狂风项链	1	1	1	0
5	神秘头盔	1	1	1	0
5	神秘戒指	1	1	1	0
5	神秘腰带	1	1	1	0
5	祈祷头盔	1	1	1	0
5	祈祷项链	1	1	1	0
5	祈祷手镯	1	1	1	0
5	祈祷戒指	1	1	1	0
5	记忆头盔	1	1	1	0
5	记忆项链	1	1	1	0
5	记忆手镯	1	1	1	0
5	记忆戒指	1	1	1	0
5	泰坦戒指	1	1	1	0
5	魔血项链	1	1	1	0
5	魔血手镯	1	1	1	0
5	魔血戒指	1	1	1	0
5	虹魔项链	1	1	1	0
5	虹魔手镯	1	1	1	0
5	虹魔戒指	1	1	1	0
5	圣战头盔	1	1	1	0
5	圣战项链	1	1	1	0
5	圣战手镯	1	1	1	0
5	圣战戒指	1	1	1	0
5	法神头盔	1	1	1	0
5	法神项链	1	1	1	0
5	法神手镯	1	1	1	0
5	法神戒指	1	1	1	0
5	天尊头盔	1	1	1	0
5	天尊项链	1	1	1	0
5	天尊手镯	1	1	1	0
5	天尊戒指	1	1	1	0
7	神石	1	1	1	0
1	主印	1	1	1	0
7	辅印	1	1	1	0
1	龙影剑法	1	1	1	0
1	开天斩	1	1	1	0
1	逐日剑法	1	1	1	0
1	噬血术	1	1	1	0
1	飓风破	1	1	1	0
1	无极真气	1	1	1	0
1	气功波	1	1	1	0
1	灭天火	1	1	1	0
1	流星火雨	1	1	1	0
1	群体雷电术	1	1	1	0
1	护体神盾	1	1	1	0
1	冰霜群雨	1	1	1	0
1	死亡之眼1	1	1	1	0
1	十步一杀1	1	1	1	0
1	魔血石	1	1	1	0
5	上古・盔	1	1	1	0
5	上古・链	1	1	1	0
5	上古・镯	1	1	1	0
5	上古・手	1	1	1	0
6	上古・佩	1	1	1	0
7	上古・勋	1	1	1	0
7	上古・带	1	1	1	0
7	上古・靴	1	1	1	0
4	上古・刃	1	1	1	0
3	上古・甲	1	1	1	0
3	上古・袍	1	1	1	0
3	逐日魔甲	1	1	1	0
3	逐日魔衣	1	1	1	0
3	逐日道甲	1	1	1	0
3	逐日道衣	1	1	1	0
5	起源・盔	1	1	1	0
5	起源・链	1	1	1	0
5	起源・镯	1	1	1	0
5	起源・手	1	1	1	0
6	起源・佩	1	1	1	0
7	起源・勋	1	1	1	0
7	起源・带	1	1	1	0
7	起源・靴	1	1	1	0
4	起源・刃	1	1	1	0
3	起源・甲	1	1	1	0
3	起源・衣	1	1	1	0
3	【残】起源・甲	1	1	1	0
3	【残】起源・衣	1	1	1	0
4	【残】起源・刃	1	1	1	0
2	起源・佩	1	1	1	0
4	天劫	1	1	1	0
4	天怒	1	1	1	0
4	天妒	1	1	1	0
3	天哭・铠	1	1	1	0
3	天哭・袍	1	1	1	0
3	天残・铠	1	1	1	0
3	天残・袍	1	1	1	0
3	天裂・铠	1	1	1	0
3	天裂・袍	1	1	1	0
5	判阴阳の裂天	1	1	1	0
5	天罪の杀佛	1	1	1	0
5	天罪の灭神	1	1	1	0
7	判阴阳の烈焰	1	1	1	0
4	龙光	1	1	1	0
3	苍龙铠	1	1	1	0
3	苍龙衣	1	1	1	0
5	血の裂天	1	1	1	0
5	血の杀佛	1	1	1	0
5	血の灭神	1	1	1	0
7	血の烈焰	1	1	1	0
4	血の龙光	1	1	1	0
3	血の苍龙铠	1	1	1	0
3	血の苍龙袍	1	1	1	0
7	冰雪の带[极品]	1	1	1	0
7	冰雪の靴[极品]	1	1	1	0
7	冰雪の带[优品]	1	1	1	0
7	冰雪の靴[优品]	1	1	1	0
7	冰雪の带[良品]	1	1	1	0
7	冰雪の靴[良品]	1	1	1	0
5	望月仙の盔	1	1	1	0
5	望月仙の链	1	1	1	0
5	望月仙の镯	1	1	1	0
5	望月仙の手	1	1	1	0
7	望月仙の勋	1	1	1	0
5	皓月仙の盔	1	1	1	0
5	皓月仙の链	1	1	1	0
5	皓月仙の镯	1	1	1	0
5	皓月仙の手	1	1	1	0
7	皓月仙の勋	1	1	1	0
4	焚の幽皇	1	1	1	0
3	噬魄の龙	1	1	1	0
3	噬魄の凤	1	1	1	0
7	修罗带	1	1	1	0
7	伯爵靴	1	1	1	0
5	天王镯	1	1	1	0
5	圣皇手	1	1	1	0
4	诛の帝恨	1	1	1	0
3	瑶池の龙	1	1	1	0
3	瑶池の凤	1	1	1	0
7	仙界带	1	1	1	0
7	神之靴	1	1	1	0
5	无名镯	1	1	1	0
5	玄帝手	1	1	1	0
4	焚の幽皇[史诗]	1	1	1	0
3	噬魄の龙[史诗]	1	1	1	0
3	噬魄の凤[史诗]	1	1	1	0
7	修罗带[史诗]	1	1	1	0
7	伯爵靴[史诗]	1	1	1	0
5	天王镯[史诗]	1	1	1	0
5	圣皇手[史诗]	1	1	1	0
4	诛の帝恨[史诗]	1	1	1	0
3	瑶池の龙[史诗]	1	1	1	0
3	瑶池の凤[史诗]	1	1	1	0
7	仙界带[史诗]	1	1	1	0
7	神之靴[史诗]	1	1	1	0
5	无名镯[史诗]	1	1	1	0
5	玄帝手[史诗]	1	1	1	0
4	焚の幽皇[传承]	1	1	1	0
3	噬魄の龙[传承]	1	1	1	0
3	噬魄の凤[传承]	1	1	1	0
7	修罗带[传承]	1	1	1	0
7	伯爵靴[传承]	1	1	1	0
5	天王镯传承]	1	1	1	0
5	圣皇手[传承]	1	1	1	0
4	诛の帝恨[传承]	1	1	1	0
3	瑶池の龙[传承]	1	1	1	0
3	瑶池の凤[传承]	1	1	1	0
7	仙界带[传承]	1	1	1	0
7	仙界带[传承]	1	1	1	0
5	无名镯[传承]	1	1	1	0
5	玄帝手[传承]	1	1	1	0
4	焚の幽皇[罕世]	1	1	1	0
3	噬魄の龙[罕世]	1	1	1	0
3	噬魄の凤[罕世]	1	1	1	0
7	修罗带[罕世]	1	1	1	0
7	伯爵靴[罕世]	1	1	1	0
5	天王镯[罕世]	1	1	1	0
5	圣皇手[罕世]	1	1	1	0
4	诛の帝恨[罕世]	1	1	1	0
3	瑶池の龙[罕世]	1	1	1	0
3	瑶池の凤[罕世]	1	1	1	0
7	仙界带[罕世]	1	1	1	0
7	神之靴[罕世]	1	1	1	0
5	无名镯[罕世]	1	1	1	0
5	玄帝手[罕世]	1	1	1	0
7	刺杀之心	1	1	1	0
7	烈火之心	1	1	1	0
7	飓风之心	1	1	1	0
7	雷霆之心	1	1	1	0
7	逐日之心	1	1	1	0
7	攻杀之心	1	1	1	0
7	火墙之心	1	1	1	0
7	雷电之心	1	1	1	0
7	寒冰之心	1	1	1	0
4	【残】鬼王	1	1	1	0
3	【残】流云・男	1	1	1	0
3	【残】流云・女	1	1	1	0
7	兰兆之盾	1	1	1	0
4	【残】耀光	1	1	1	0
3	【残】鬼甲	1	1	1	0
3	【残】鬼衣	1	1	1	0
4	耀光	1	1	1	0
3	鬼甲	1	1	1	0
3	鬼衣	1	1	1	0
4	【残】诛仙	1	1	1	0
4	【残】流光	1	1	1	0
5	冰雪毁灭坠	1	1	1	0
5	冰雪死亡坠	1	1	1	0
5	点点毁灭坠	1	1	1	0
5	点点死亡坠	1	1	1	0
5	最后的轻语	1	1	1	0
5	点点噬血链	1	1	1	0
5	残暴之力	1	1	1	0
5	黑色切割者	1	1	1	0
5	点点神力1.1倍	1	1	1	0
5	点点神力1.2倍	1	1	1	0
5	点点神力1.3倍	1	1	1	0
5	一相之力	1	1	1	0
5	二相之力	1	1	1	0
5	三相之力	1	1	1	0
7	冰雪城主令	1	1	1	0
7	无之盾	1	1	1	0
7	巨人血盾	1	1	1	0
7	狂徒血盾	1	1	1	0
1	九品证明	1	1	1	0
1	八品证明	1	1	1	0
1	七品证明	1	1	1	0
1	六品证明	1	1	1	0
1	五品证明	1	1	1	0
1	三品证明	1	1	1	0
1	二品证明	1	1	1	0
1	一品证明	1	1	1	0
1	郡王令牌	1	1	1	0
1	雄霸令牌	1	1	1	0
1	天精岩一转	1	1	1	0
1	地狱火一转	1	1	1	0
1	天精岩二转	1	1	1	0
1	地狱火二转	1	1	1	0
1	天精岩三转	1	1	1	0
1	地狱火三转	1	1	1	0
1	天精岩四转	1	1	1	0
1	地狱火四转	1	1	1	0
1	天精岩五转	1	1	1	0
1	地狱火五转	1	1	1	0
1	天精岩六转	1	1	1	0
1	地狱火六转	1	1	1	0
1	天精岩七转	1	1	1	0
1	地狱火七转	1	1	1	0
1	[八转]归一之精	1	1	1	0
1	[八转]归一之神	1	1	1	0
1	[九转]归真之精	1	1	1	0
1	[九转]归真之神	1	1	1	0
1	洗髓丹	1	1	1	0
1	血龙魄珠	1	1	1	0
1	治疗宝珠①	1	1	1	0
1	治疗宝珠②	1	1	1	0
1	治疗宝珠③	1	1	1	0
1	治疗宝珠④	1	1	1	0
1	治疗宝珠⑤	1	1	1	0
1	治疗宝珠⑥	1	1	1	0
1	治疗宝珠⑦	1	1	1	0
1	治疗宝珠⑧	1	1	1	0
1	治疗宝珠⑨	1	1	1	0
7	终极治疗宝珠	1	1	1	0
2	血龙佩	1	1	1	0
2	血龙佩[史诗]	1	1	1	0
2	血龙佩[传承]	1	1	1	0
2	血龙佩[罕世]	1	1	1	0
2	魔魂佩	1	1	1	0
2	魔魂佩[史诗]	1	1	1	0
2	魔魂佩[传承]	1	1	1	0
2	魔魂佩[罕世]	1	1	1	0
2	死也不爆	1	1	1	0
4	鬼王	1	1	1	0
4	诛仙	1	1	1	0
4	流光	1	1	1	0
1	幸运斗笠	1	1	1	0
1	青铜斗笠	1	1	1	0
1	白银斗笠	1	1	1	0
1	黄金斗笠	1	1	1	0
1	白金斗笠	1	1	1	0
1	钻石斗笠	1	1	1	0
1	超凡斗笠	1	1	1	0
1	王者斗笠	1	1	1	0
1	幸运・盾	1	1	1	0
1	青铜・盾	1	1	1	0
1	白银・盾	1	1	1	0
1	黄金・盾	1	1	1	0
1	白金・盾	1	1	1	0
1	钻石・盾	1	1	1	0
1	超凡・盾	1	1	1	0
1	王者・盾	1	1	1	0
5	麻痹戒指+1	1	1	1	0
5	复活戒指+1	1	1	1	0
5	护身戒指+1	1	1	1	0
5	麻痹戒指+2	1	1	1	0
5	复活戒指+2	1	1	1	0
5	护身戒指+2	1	1	1	0
5	麻痹戒指+3	1	1	1	0
5	复活戒指+3	1	1	1	0
5	护身戒指+3	1	1	1	0
5	麻痹戒指+4	1	1	1	0
5	复活戒指+4	1	1	1	0
5	护身戒指+4	1	1	1	0
5	麻痹戒指+5	1	1	1	0
5	复活戒指+5	1	1	1	0
5	护身戒指+5	1	1	1	0
5	麻痹戒指+6	1	1	1	0
5	复活戒指+6	1	1	1	0
5	护身戒指+6	1	1	1	0
5	麻痹戒指+7	1	1	1	0
5	复活戒指+7	1	1	1	0
5	护身戒指+7	1	1	1	0
5	麻痹戒指+8	1	1	1	0
5	复活戒指+8	1	1	1	0
5	护身戒指+8	1	1	1	0
5	麻痹戒指+9	1	1	1	0
5	复活戒指+9	1	1	1	0
5	护身戒指+9	1	1	1	0
5	终极麻痹戒指	1	1	1	0
5	终极复活戒指	1	1	1	0
5	终极护身戒指	1	1	1	0
1	攻[运筹+1]	1	1	1	0
1	攻[强化+1]	1	1	1	0
1	攻[运筹+1]	1	1	1	0
1	攻[吸血+1]	1	1	1	0
1	攻[蝶魂+1]	1	1	1	0
1	攻[身强+1]	1	1	1	0
1	攻[强掠+1]	1	1	1	0
1	攻[穿杨+1]	1	1	1	0
1	攻[国色+1]	1	1	1	0
1	攻[精准+2]	1	1	1	0
1	攻[强化+2]	1	1	1	0
1	攻[运筹+2]	1	1	1	0
1	攻[吸血+2]	1	1	1	0
1	攻[蝶魂+2]	1	1	1	0
1	攻[身强+2]	1	1	1	0
1	攻[强掠+2]	1	1	1	0
1	攻[穿杨+2]	1	1	1	0
1	攻[国色+2]	1	1	1	0
1	攻[精准+3]	1	1	1	0
1	攻[强化+3]	1	1	1	0
1	攻[运筹+3]	1	1	1	0
1	攻[吸血+3]	1	1	1	0
1	攻[蝶魂+3]	1	1	1	0
1	攻[身强+3]	1	1	1	0
1	攻[强掠+3]	1	1	1	0
1	攻[穿杨+3]	1	1	1	0
1	攻[国色+3]	1	1	1	0
1	攻[精准+4]	1	1	1	0
1	攻[强化+4]	1	1	1	0
1	攻[运筹+4]	1	1	1	0
1	攻[吸血+4]	1	1	1	0
1	攻[蝶魂+4]	1	1	1	0
1	攻[身强+4]	1	1	1	0
1	攻[强掠+4]	1	1	1	0
1	攻[穿杨+4]	1	1	1	0
1	攻[国色+4]	1	1	1	0
1	攻[精准+5]	1	1	1	0
1	攻[强化+5]	1	1	1	0
1	攻[运筹+5]	1	1	1	0
1	攻[吸血+5]	1	1	1	0
1	攻[蝶魂+5]	1	1	1	0
1	攻[身强+5]	1	1	1	0
1	攻[强掠+5]	1	1	1	0
1	攻[穿杨+5]	1	1	1	0
1	攻[国色+5]	1	1	1	0
7	防[精准+1]	1	1	1	0
7	防[强化+1]	1	1	1	0
7	防[运筹+1]	1	1	1	0
7	防[吸血+1]	1	1	1	0
7	防[蝶魂+1]	1	1	1	0
7	防[身强+1]	1	1	1	0
7	防[强掠+1]	1	1	1	0
7	防[穿杨+1]	1	1	1	0
7	防[国色+1]	1	1	1	0
7	防[精准+2]	1	1	1	0
7	防[强化+2]	1	1	1	0
7	防[运筹+2]	1	1	1	0
7	防[吸血+2]	1	1	1	0
7	防[蝶魂+2]	1	1	1	0
7	防[身强+2]	1	1	1	0
7	防[强掠+2]	1	1	1	0
7	防[穿杨+2]	1	1	1	0
7	防[国色+2]	1	1	1	0
7	防[精准+3]	1	1	1	0
7	防[强化+3]	1	1	1	0
7	防[运筹+3]	1	1	1	0
7	防[吸血+3]	1	1	1	0
7	防[蝶魂+3]	1	1	1	0
7	防[身强+3]	1	1	1	0
7	防[强掠+3]	1	1	1	0
7	防[穿杨+3]	1	1	1	0
7	防[国色+3]	1	1	1	0
7	防[精准+4]	1	1	1	0
7	防[强化+4]	1	1	1	0
7	防[运筹+4]	1	1	1	0
7	防[吸血+4]	1	1	1	0
7	防[蝶魂+4]	1	1	1	0
7	防[身强+4]	1	1	1	0
7	防[强掠+4]	1	1	1	0
7	防[穿杨+4]	1	1	1	0
7	防[国色+4]	1	1	1	0
7	防[精准+5]	1	1	1	0
7	防[强化+5]	1	1	1	0
7	防[运筹+5]	1	1	1	0
7	防[吸血+5]	1	1	1	0
7	防[蝶魂+5]	1	1	1	0
7	防[身强+5]	1	1	1	0
7	防[强掠+5]	1	1	1	0
7	防[穿杨+5]	1	1	1	0
7	防[国色+5]	1	1	1	0
1	1角人民币	1	1	1	0
1	2角人民币	1	1	1	0
1	5角人民币	1	1	1	0
1	1元人民币	1	1	1	0
1	5元人民币	1	1	1	0
1	10元人民币	1	1	1	0
1	20元人民币删	1	1	1	0
1	50元人民币删	1	1	1	0
1	100元人民币删	1	1	1	0
1	100元宝	1	1	1	0
1	200元宝	1	1	1	0
1	500元宝	1	1	1	0
1	1000元宝	1	1	1	0
1	2000元宝	1	1	1	0
1	5000元宝	1	1	1	0
1	10000元宝	1	1	1	0
1	20000元宝	1	1	1	0
1	50000元宝	1	1	1	0
1	100000元宝	1	1	1	0
1	1亿经验卷	1	1	1	0
1	1000W经验卷	1	1	1	0
1	2000W经验卷	1	1	1	0
1	3000W经验卷	1	1	1	0
1	5000W经验卷	1	1	1	0
1	菩提(残)1	1	1	1	0
1	舍利(残)1	1	1	1	0
1	菩提1	1	1	1	0
7	舍利1	1	1	1	0
3	流云・男	1	1	1	0
3	流云・女	1	1	1	0
1	先天之体lv1	1	1	1	0
1	先天之体lv2	1	1	1	0
1	先天之体lv3	1	1	1	0
1	先天之体lv4	1	1	1	0
1	先天之体lv5	1	1	1	0
1	血龙之体lv1	1	1	1	0
1	血龙之体lv2	1	1	1	0
1	血龙之体lv3	1	1	1	0
1	血龙之体lv4	1	1	1	0
1	血龙之体lv5	1	1	1	0
1	皇宫集结令	1	1	1	0
1	四品证明	1	1	1	0
5	雷霆项链	1	1	1	0
5	雷霆护腕	1	1	1	0
5	雷霆战戒	1	1	1	0
7	雷霆战靴	1	1	1	0
7	雷霆腰带	1	1	1	0
5	烈焰项链	1	1	1	0
5	烈焰护腕	1	1	1	0
5	烈焰魔戒	1	1	1	0
7	烈焰魔靴	1	1	1	0
7	烈焰腰带	1	1	1	0
5	光芒项链	1	1	1	0
5	光芒护腕	1	1	1	0
5	光芒道戒	1	1	1	0
7	光芒道靴	1	1	1	0
7	光芒腰带	1	1	1	0
5	战神项链	1	1	1	0
5	战神手镯	1	1	1	0
5	战神戒指	1	1	1	0
5	圣魔项链	1	1	1	0
5	圣魔手镯	1	1	1	0
5	圣魔戒指	1	1	1	0
5	真魂项链	1	1	1	0
5	真魂手镯	1	1	1	0
5	真魂戒指	1	1	1	0
4	镇天	1	1	1	0
4	开天	1	1	1	0
4	玄天	1	1	1	0
3	雷霆战甲(男)	1	1	1	0
3	雷霆战甲(女)	1	1	1	0
3	烈焰魔衣(男)	1	1	1	0
3	烈焰魔衣(女)	1	1	1	0
3	光芒道袍(男)	1	1	1	0
3	光芒道袍(女)	1	1	1	0
3	凤天魔甲	1	1	1	0
3	凰天魔衣	1	1	1	0
7	战神腰带	1	1	1	0
7	战神靴子	1	1	1	0
7	圣魔腰带	1	1	1	0
7	圣魔靴子	1	1	1	0
7	真魂腰带	1	1	1	0
7	真魂靴子	1	1	1	0
5	战神头盔	1	1	1	0
5	圣魔头盔	1	1	1	0
5	真魂头盔	1	1	1	0
7	雷霆战靴	1	1	1	0
7	雷霆腰带	1	1	1	0
7	烈焰魔靴	1	1	1	0
7	烈焰腰带	1	1	1	0
7	光芒道靴	1	1	1	0
1	50W经验卷	1	1	1	0
1	2亿经验卷	1	1	1	0
1	5亿经验卷	1	1	1	0
1	100W经验卷	1	1	1	0
1	200W经验卷	1	1	1	0
1	500W经验卷	1	1	1	0
1	20元宝	1	1	1	0
1	50元宝	1	1	1	0
2	鬼药	1	1	1	0
1	20W经验卷	1	1	1	0
2	大还丹	1	1	1	0
2	小还丹	1	1	1	0
1	灵魂晶石	1	1	1	0
5	暴风噬血链	1	1	1	0
1	强化烈火剑法	1	1	1	0
1	强化魔法盾	1	1	1	0
1	强化灵魂火符	1	1	1	0
1	神魔之体lv1	1	1	1	0
1	神魔之体lv2	1	1	1	0
1	神魔之体lv3	1	1	1	0
1	神魔之体lv4	1	1	1	0
1	神魔之体lv5	1	1	1	0
1	神魔之体lv6	1	1	1	0
1	神魔之体lv7	1	1	1	0
1	神魔之体lv8	1	1	1	0
1	神魔之体lv9	1	1	1	0
1	神魔之体lv10	1	1	1	0
1	穿杨lv2	1	1	1	0
1	穿杨lv4	1	1	1	0
1	穿杨lv6	1	1	1	0
1	穿杨lv8	1	1	1	0
1	穿杨lv10	1	1	1	0
1	强化lv2	1	1	1	0
1	强化lv4	1	1	1	0
1	强化lv6	1	1	1	0
1	强化lv8	1	1	1	0
1	强化lv10	1	1	1	0
1	精准lv2	1	1	1	0
1	精准lv4	1	1	1	0
1	精准lv6	1	1	1	0
1	精准lv8	1	1	1	0
1	精准lv10	1	1	1	0
1	10灵符	1	1	1	0
1	50灵符	1	1	1	0
1	100灵符	1	1	1	0
1	500灵符	1	1	1	0
1	1000灵符	1	1	1	0
1	狮子吼	1	1	1	0
1	擒龙手	1	1	1	0
1	群体雷电术	1	1	1	0
1	群体施毒术	1	1	1	0
1	解毒术	1	1	1	0
1	属性还原卷	1	1	1	0
1	红名清洗卷	1	1	1	0
2	一键回收	1	1	1	0
2	快捷功能	1	1	1	0
2	随身仓库	1	1	1	0
1	超级幸运油	1	1	1	0
1	装备加星石	1	1	1	0
1	王者级副本令牌	1	1	1	0
1	深渊级副本令牌	1	1	1	0
1	月牙岛副本令牌	1	1	1	0
1	武器精炼油	1	1	1	0
1	武器暴击油	1	1	1	0
2	会员服务	1	1	1	0
1	血龙之体lv6	1	1	1	0
1	血龙之体lv7	1	1	1	0
1	血龙之体lv8	1	1	1	0
1	先天之体lv6	1	1	1	0
1	先天之体lv7	1	1	1	0
1	先天之体lv8	1	1	1	0
1	神魔之体lv11	1	1	1	0
1	神魔之体lv12	1	1	1	0
1	神魔之体lv13	1	1	1	0
1	神魔之体lv14	1	1	1	0
1	神魔之体lv15	1	1	1	0
1	神魔之体lv16	1	1	1	0
1	神魔之体lv17	1	1	1	0
1	神魔之体lv18	1	1	1	0
1	神魔之体lv19	1	1	1	0
1	神魔之体lv20	1	1	1	0
2	====十二奇门法宝1======	1	1	1	0
1	灵鼠献瑞	1	1	1	0
1	牛气冲天	1	1	1	0
1	如虎添翼	1	1	1	0
1	势若脱兔	1	1	1	0
1	龙腾九天	1	1	1	0
1	金蛇狂舞	1	1	1	0
1	铁马金戈	1	1	1	0
1	羊致清和	1	1	1	0
1	金猴纳福	1	1	1	0
1	金鸡报晓	1	1	1	0
1	天狗守护	1	1	1	0
1	金猪如意	1	1	1	0
5	清风战盔	1	1	1	0
5	清风项链(战)	1	1	1	0
5	清风护腕(战)	1	1	1	0
5	清风战戒	1	1	1	0
7	清风勋章(战)	1	1	1	0
7	清风腰带(战)	1	1	1	0
7	清风靴子(战)	1	1	1	0
5	清风法盔	1	1	1	0
5	清风项链(法)	1	1	1	0
5	清风护腕(法)	1	1	1	0
5	清风法戒	1	1	1	0
7	清风勋章(法)	1	1	1	0
7	清风腰带(法)	1	1	1	0
7	清风靴子(法)	1	1	1	0
5	清风道盔	1	1	1	0
5	清风项链(道)	1	1	1	0
5	清风护腕(道)	1	1	1	0
5	清风道戒	1	1	1	0
7	清风勋章(道)	1	1	1	0
7	清风腰带(道)	1	1	1	0
7	清风靴子(道)	1	1	1	0
4	清风刺	1	1	1	0
4	清风斧	1	1	1	0
4	清风剑	1	1	1	0
3	清风战甲(男)	1	1	1	0
3	清风战甲(女)	1	1	1	0
3	清风法衣(男)	1	1	1	0
3	清风法衣(女)	1	1	1	0
3	清风道袍(男)	1	1	1	0
3	清风道袍(女)	1	1	1	0
5	热血====	1	1	1	0
5	热血战盔	1	1	1	0
5	热血项链(战)	1	1	1	0
5	热血护腕(战)	1	1	1	0
5	热血战戒	1	1	1	0
7	热血令(战)	1	1	1	0
7	热血腰带(战)	1	1	1	0
7	热血靴子(战)	1	1	1	0
5	热血魔盔	1	1	1	0
5	热血项链(法)	1	1	1	0
5	热血护腕(法)	1	1	1	0
5	热血魔戒	1	1	1	0
7	热血令(法)	1	1	1	0
7	热血腰带(法)	1	1	1	0
7	热血靴子(法)	1	1	1	0
5	热血道盔	1	1	1	0
5	热血项链(道)	1	1	1	0
5	热血护腕(道)	1	1	1	0
5	热血道戒	1	1	1	0
7	热血令(道)	1	1	1	0
7	热血腰带(道)	1	1	1	0
7	热血靴子(道)	1	1	1	0
4	热血杖	1	1	1	0
4	热血斩	1	1	1	0
4	热血剑	1	1	1	0
3	热血圣衣(男)	1	1	1	0
3	热血圣衣(女)	1	1	1	0
3	热血魔衣(男)	1	1	1	0
3	热血魔衣(女)	1	1	1	0
3	热血尊衣(男)	1	1	1	0
3	热血尊衣(女)	1	1	1	0
5	苍茫====	1	1	1	0
5	苍茫战盔	1	1	1	0
5	苍茫项链(战)	1	1	1	0
5	苍茫护腕(战)	1	1	1	0
5	苍茫战戒	1	1	1	0
7	苍茫令(战)	1	1	1	0
7	苍茫腰带(战)	1	1	1	0
7	苍茫靴子(战)	1	1	1	0
5	苍茫魔盔	1	1	1	0
5	苍茫项链(法)	1	1	1	0
5	苍茫护腕(法)	1	1	1	0
5	苍茫魔戒	1	1	1	0
7	苍茫令(法)	1	1	1	0
7	苍茫腰带(法)	1	1	1	0
7	苍茫靴子(法)	1	1	1	0
5	苍茫道盔	1	1	1	0
5	苍茫项链(道)	1	1	1	0
5	苍茫护腕(道)	1	1	1	0
5	苍茫道戒	1	1	1	0
7	苍茫令(道)	1	1	1	0
7	苍茫腰带(道)	1	1	1	0
7	苍茫靴子(道)	1	1	1	0
4	苍茫魔剑	1	1	1	0
4	苍茫圣剑	1	1	1	0
4	苍茫尊剑	1	1	1	0
3	苍茫圣甲(男)	1	1	1	0
3	苍茫圣甲(女)	1	1	1	0
3	苍茫魔衣(男)	1	1	1	0
3	苍茫魔衣(女)	1	1	1	0
3	苍茫道袍(男)	1	1	1	0
3	苍茫道袍(女)	1	1	1	0
5	迷失战盔	1	1	1	0
5	迷失项链(战)	1	1	1	0
5	迷失护腕(战)	1	1	1	0
5	迷失战戒	1	1	1	0
7	迷失勋章(战)	1	1	1	0
7	迷失腰带(战)	1	1	1	0
7	迷失靴子(战)	1	1	1	0
5	迷失魔盔	1	1	1	0
5	迷失项链(法)	1	1	1	0
5	迷失护腕(法)	1	1	1	0
5	迷失魔戒	1	1	1	0
7	迷失勋章(法)	1	1	1	0
7	迷失腰带(法)	1	1	1	0
7	迷失靴子(法)	1	1	1	0
5	迷失道盔	1	1	1	0
5	迷失项链(道)	1	1	1	0
5	迷失护腕(道)	1	1	1	0
5	迷失道戒	1	1	1	0
7	迷失勋章(道)	1	1	1	0
7	迷失腰带(道)	1	1	1	0
7	迷失靴子(道)	1	1	1	0
4	迷失魔魂	1	1	1	0
4	迷失圣斩	1	1	1	0
4	迷失尊扇	1	1	1	0
3	迷失战袍(男)	1	1	1	0
3	迷失战袍(女)	1	1	1	0
3	迷失魔袍(男)	1	1	1	0
3	迷失魔袍(女)	1	1	1	0
3	迷失道袍(男)	1	1	1	0
3	迷失道袍(女)	1	1	1	0
5	情天战盔	1	1	1	0
5	情天・坠	1	1	1	0
5	情天・镯	1	1	1	0
5	情天・戒	1	1	1	0
7	情天战章	1	1	1	0
7	情天・带(战)	1	1	1	0
7	情天・靴(战)	1	1	1	0
5	情天魔盔	1	1	1	0
5	情天・链	1	1	1	0
5	情天・腕	1	1	1	0
5	情天・环	1	1	1	0
7	情天法章	1	1	1	0
7	情天・带(魔)	1	1	1	0
7	情天・靴(魔)	1	1	1	0
5	情天道盔	1	1	1	0
5	情天・圈	1	1	1	0
5	情天・手	1	1	1	0
5	情天・指	1	1	1	0
7	情天道章	1	1	1	0
7	情天・带(道)	1	1	1	0
7	情天・靴(道)	1	1	1	0
4	情天魔剑	1	1	1	0
4	情天圣剑	1	1	1	0
4	情天尊剑	1	1	1	0
3	情天圣甲(男)	1	1	1	0
3	情天圣甲(女)	1	1	1	0
3	情天法衣(男)	1	1	1	0
3	情天法衣(女)	1	1	1	0
3	情天道袍(男)	1	1	1	0
3	情天道袍(女)	1	1	1	0
5	逐日战盔	1	1	1	0
5	逐日・坠	1	1	1	0
5	逐日・镯	1	1	1	0
5	逐日・戒	1	1	1	0
7	逐日战勋	1	1	1	0
7	逐日・带(战)	1	1	1	0
7	逐日・靴(战)	1	1	1	0
5	逐日魔盔	1	1	1	0
5	逐日・链	1	1	1	0
5	逐日・腕	1	1	1	0
5	逐日・环	1	1	1	0
7	逐日法勋	1	1	1	0
7	逐日・带(魔)	1	1	1	0
7	逐日・靴(魔)	1	1	1	0
5	逐日道盔	1	1	1	0
5	逐日・圈	1	1	1	0
5	逐日・手	1	1	1	0
5	逐日・指	1	1	1	0
7	逐日道勋	1	1	1	0
7	逐日・带(道)	1	1	1	0
7	逐日・靴(道)	1	1	1	0
4	逐日法杖	1	1	1	0
4	逐日圣斩	1	1	1	0
4	逐日道扇	1	1	1	0
3	逐日圣袍	1	1	1	0
3	逐日圣衣	1	1	1	0
3	逐日魔袍	1	1	1	0
3	逐日魔衣	1	1	1	0
3	逐日尊袍	1	1	1	0
3	逐日尊衣	1	1	1	0
5	遗忘盔・圣	1	1	1	0
5	遗忘链・圣	1	1	1	0
5	遗忘镯・圣	1	1	1	0
5	遗忘戒・圣	1	1	1	0
7	遗忘圣勋	1	1	1	0
7	遗忘带・圣	1	1	1	0
7	遗忘靴・圣	1	1	1	0
5	遗忘盔・魔	1	1	1	0
5	遗忘链・魔	1	1	1	0
5	遗忘镯・魔	1	1	1	0
5	遗忘戒・魔	1	1	1	0
7	遗忘魔勋	1	1	1	0
7	遗忘带・魔	1	1	1	0
7	遗忘靴・魔	1	1	1	0
5	遗忘盔・尊	1	1	1	0
5	遗忘链・尊	1	1	1	0
5	遗忘镯・尊	1	1	1	0
5	遗忘戒・尊	1	1	1	0
7	遗忘尊勋	1	1	1	0
7	遗忘带・尊	1	1	1	0
7	遗忘靴・尊	1	1	1	0
4	遗忘之影・魔	1	1	1	0
4	遗忘之影・圣	1	1	1	0
4	遗忘之影・尊	1	1	1	0
3	遗忘圣袍	1	1	1	0
3	遗忘圣衣	1	1	1	0
3	遗忘魔袍	1	1	1	0
3	遗忘魔衣	1	1	1	0
3	遗忘尊袍	1	1	1	0
3	遗忘尊衣	1	1	1	0
5	红魔盔・圣	1	1	1	0
5	红魔链・圣	1	1	1	0
5	红魔镯・圣	1	1	1	0
5	红魔戒・圣	1	1	1	0
7	红魔勋・圣	1	1	1	0
7	红魔带・圣	1	1	1	0
7	红魔靴・圣	1	1	1	0
5	红魔盔・魔	1	1	1	0
5	红魔链・魔	1	1	1	0
5	红魔镯・魔	1	1	1	0
5	红魔戒・魔	1	1	1	0
7	红魔勋・魔	1	1	1	0
7	红魔带・魔	1	1	1	0
7	红魔靴・魔	1	1	1	0
5	红魔盔・尊	1	1	1	0
5	红魔链・尊	1	1	1	0
5	红魔镯・尊	1	1	1	0
5	红魔戒・尊	1	1	1	0
7	红魔勋・尊	1	1	1	0
7	红魔带・尊	1	1	1	0
7	红魔靴・尊	1	1	1	0
5	血・红魔盔[圣]	1	1	1	0
5	血・红魔链[圣]	1	1	1	0
5	血・红魔镯[圣]	1	1	1	0
5	血・红魔戒[圣]	1	1	1	0
7	血・红魔勋[圣]	1	1	1	0
7	血・红魔带[圣]	1	1	1	0
7	血・红魔靴[圣]	1	1	1	0
5	血・红魔盔[魔]	1	1	1	0
5	血・红魔链[魔]	1	1	1	0
5	血・红魔镯[魔]	1	1	1	0
5	血・红魔戒[魔]	1	1	1	0
7	血・红魔勋[魔]	1	1	1	0
7	血・红魔带[魔]	1	1	1	0
7	血・红魔靴[魔]	1	1	1	0
5	血・红魔盔[尊]	1	1	1	0
5	血・红魔链[尊]	1	1	1	0
5	血・红魔镯[尊]	1	1	1	0
5	血・红魔戒[尊]	1	1	1	0
7	血・红魔勋[尊]	1	1	1	0
7	血・红魔带[尊]	1	1	1	0
7	血・红魔靴[尊]	1	1	1	0
1	主印【精准①】	1	1	1	0
1	主印【精准②】	1	1	1	0
1	主印【精准③】	1	1	1	0
1	主印【精准④】	1	1	1	0
1	主印【精准⑤】	1	1	1	0
1	主印【精准⑥】	1	1	1	0
1	主印【精准⑦】	1	1	1	0
1	主印【精准⑧】	1	1	1	0
1	主印【精准⑨】	1	1	1	0
1	主印【精准⑩】	1	1	1	0
1	主印【强化①】	1	1	1	0
1	主印【强化②】	1	1	1	0
1	主印【强化③】	1	1	1	0
1	主印【强化④】	1	1	1	0
1	主印【强化⑤】	1	1	1	0
1	主印【强化⑥】	1	1	1	0
1	主印【强化⑦】	1	1	1	0
1	主印【强化⑧】	1	1	1	0
1	主印【强化⑨】	1	1	1	0
1	主印【强化⑩】	1	1	1	0
1	主印【穿杨①】	1	1	1	0
1	主印【穿杨②】	1	1	1	0
1	主印【穿杨③】	1	1	1	0
1	主印【穿杨④】	1	1	1	0
1	主印【穿杨⑤】	1	1	1	0
1	主印【穿杨⑥】	1	1	1	0
1	主印【穿杨⑦】	1	1	1	0
1	主印【穿杨⑧】	1	1	1	0
1	主印【穿杨⑨】	1	1	1	0
1	主印【穿杨⑩】	1	1	1	0
1	主印【国色①】	1	1	1	0
1	主印【国色②】	1	1	1	0
1	主印【国色③】	1	1	1	0
1	主印【国色④】	1	1	1	0
1	主印【国色⑤】	1	1	1	0
1	主印【国色⑥】	1	1	1	0
1	主印【国色⑦】	1	1	1	0
1	主印【国色⑧】	1	1	1	0
1	主印【国色⑨】	1	1	1	0
1	主印【国色⑩】	1	1	1	0
1	主印【蝶魂①】	1	1	1	0
1	主印【蝶魂②】	1	1	1	0
1	主印【蝶魂③】	1	1	1	0
1	主印【蝶魂④】	1	1	1	0
1	主印【蝶魂⑤】	1	1	1	0
1	主印【蝶魂⑥】	1	1	1	0
1	主印【蝶魂⑦】	1	1	1	0
1	主印【蝶魂⑧】	1	1	1	0
1	主印【蝶魂⑨】	1	1	1	0
1	主印【蝶魂⑩】	1	1	1	0
1	主印【复仇①】	1	1	1	0
1	主印【复仇②】	1	1	1	0
1	主印【复仇③】	1	1	1	0
1	主印【复仇④】	1	1	1	0
1	主印【复仇⑤】	1	1	1	0
1	主印【复仇⑥】	1	1	1	0
1	主印【复仇⑦】	1	1	1	0
1	主印【复仇⑧】	1	1	1	0
1	主印【复仇⑨】	1	1	1	0
1	主印【复仇⑩】	1	1	1	0
1	主印【强掠①】	1	1	1	0
1	主印【强掠②】	1	1	1	0
1	主印【强掠③】	1	1	1	0
1	主印【强掠④】	1	1	1	0
1	主印【强掠⑤】	1	1	1	0
1	主印【强掠⑥】	1	1	1	0
1	主印【强掠⑦】	1	1	1	0
1	主印【强掠⑧】	1	1	1	0
1	主印【强掠⑨】	1	1	1	0
1	主印【强掠⑩】	1	1	1	0
1	主印【身强①】	1	1	1	0
1	主印【身强②】	1	1	1	0
1	主印【身强③】	1	1	1	0
1	主印【身强④】	1	1	1	0
1	主印【身强⑤】	1	1	1	0
1	主印【身强⑥】	1	1	1	0
1	主印【身强⑦】	1	1	1	0
1	主印【身强⑧】	1	1	1	0
1	主印【身强⑨】	1	1	1	0
1	主印【身强⑩】	1	1	1	0
1	主印【运筹①】	1	1	1	0
1	主印【运筹②】	1	1	1	0
1	主印【运筹③】	1	1	1	0
1	主印【运筹④】	1	1	1	0
1	主印【运筹⑤】	1	1	1	0
1	主印【运筹⑥】	1	1	1	0
1	主印【运筹⑦】	1	1	1	0
1	主印【运筹⑧】	1	1	1	0
1	主印【运筹⑨】	1	1	1	0
1	主印【运筹⑩】	1	1	1	0
1	主印【吸血①】	1	1	1	0
1	主印【吸血②】	1	1	1	0
1	主印【吸血③】	1	1	1	0
1	主印【吸血④】	1	1	1	0
1	主印【吸血⑤】	1	1	1	0
1	主印【吸血⑥】	1	1	1	0
1	主印【吸血⑦】	1	1	1	0
1	主印【吸血⑧】	1	1	1	0
1	主印【吸血⑨】	1	1	1	0
1	主印【吸血⑩】	1	1	1	0
7	辅印【精准①】	1	1	1	0
7	辅印【精准②】	1	1	1	0
7	辅印【精准③】	1	1	1	0
7	辅印【精准④】	1	1	1	0
7	辅印【精准⑤】	1	1	1	0
7	辅印【精准⑥】	1	1	1	0
7	辅印【精准⑦】	1	1	1	0
7	辅印【精准⑧】	1	1	1	0
7	辅印【精准⑨】	1	1	1	0
7	辅印【精准⑩】	1	1	1	0
7	辅印【强化①】	1	1	1	0
7	辅印【强化②】	1	1	1	0
7	辅印【强化③】	1	1	1	0
7	辅印【强化④】	1	1	1	0
7	辅印【强化⑤】	1	1	1	0
7	辅印【强化⑥】	1	1	1	0
7	辅印【强化⑦】	1	1	1	0
7	辅印【强化⑧】	1	1	1	0
7	辅印【强化⑨】	1	1	1	0
7	辅印【强化⑩】	1	1	1	0
7	辅印【穿杨①】	1	1	1	0
7	辅印【穿杨②】	1	1	1	0
7	辅印【穿杨③】	1	1	1	0
7	辅印【穿杨④】	1	1	1	0
7	辅印【穿杨⑤】	1	1	1	0
7	辅印【穿杨⑥】	1	1	1	0
7	辅印【穿杨⑦】	1	1	1	0
7	辅印【穿杨⑧】	1	1	1	0
7	辅印【穿杨⑨】	1	1	1	0
7	辅印【穿杨⑩】	1	1	1	0
7	辅印【国色①】	1	1	1	0
7	辅印【国色②】	1	1	1	0
7	辅印【国色③】	1	1	1	0
7	辅印【国色④】	1	1	1	0
7	辅印【国色⑤】	1	1	1	0
7	辅印【国色⑥】	1	1	1	0
7	辅印【国色⑦】	1	1	1	0
7	辅印【国色⑧】	1	1	1	0
7	辅印【国色⑨】	1	1	1	0
7	辅印【国色⑩】	1	1	1	0
7	辅印【蝶魂①】	1	1	1	0
7	辅印【蝶魂②】	1	1	1	0
7	辅印【蝶魂③】	1	1	1	0
7	辅印【蝶魂④】	1	1	1	0
7	辅印【蝶魂⑤】	1	1	1	0
7	辅印【蝶魂⑥】	1	1	1	0
7	辅印【蝶魂⑦】	1	1	1	0
7	辅印【蝶魂⑧】	1	1	1	0
7	辅印【蝶魂⑨】	1	1	1	0
7	辅印【蝶魂⑩】	1	1	1	0
7	辅印【复仇①】	1	1	1	0
7	辅印【复仇②】	1	1	1	0
7	辅印【复仇③】	1	1	1	0
7	辅印【复仇④】	1	1	1	0
7	辅印【复仇⑤】	1	1	1	0
7	辅印【复仇⑥】	1	1	1	0
7	辅印【复仇⑦】	1	1	1	0
7	辅印【复仇⑧】	1	1	1	0
7	辅印【复仇⑨】	1	1	1	0
7	辅印【复仇⑩】	1	1	1	0
7	辅印【强掠①】	1	1	1	0
7	辅印【强掠②】	1	1	1	0
7	辅印【强掠③】	1	1	1	0
7	辅印【强掠④】	1	1	1	0
7	辅印【强掠⑤】	1	1	1	0
7	辅印【强掠⑥】	1	1	1	0
7	辅印【强掠⑦】	1	1	1	0
7	辅印【强掠⑧】	1	1	1	0
7	辅印【强掠⑨】	1	1	1	0
7	辅印【强掠⑩】	1	1	1	0
7	辅印【身强①】	1	1	1	0
7	辅印【身强②】	1	1	1	0
7	辅印【身强③】	1	1	1	0
7	辅印【身强④】	1	1	1	0
7	辅印【身强⑤】	1	1	1	0
7	辅印【身强⑥】	1	1	1	0
7	辅印【身强⑦】	1	1	1	0
7	辅印【身强⑧】	1	1	1	0
7	辅印【身强⑨】	1	1	1	0
7	辅印【身强⑩】	1	1	1	0
7	辅印【运筹①】	1	1	1	0
7	辅印【运筹②】	1	1	1	0
7	辅印【运筹③】	1	1	1	0
7	辅印【运筹④】	1	1	1	0
7	辅印【运筹⑤】	1	1	1	0
7	辅印【运筹⑥】	1	1	1	0
7	辅印【运筹⑦】	1	1	1	0
7	辅印【运筹⑧】	1	1	1	0
7	辅印【运筹⑨】	1	1	1	0
7	辅印【运筹⑩】	1	1	1	0
7	辅印【吸血①】	1	1	1	0
7	辅印【吸血②】	1	1	1	0
7	辅印【吸血③】	1	1	1	0
7	辅印【吸血④】	1	1	1	0
7	辅印【吸血⑤】	1	1	1	0
7	辅印【吸血⑥】	1	1	1	0
7	辅印【吸血⑦】	1	1	1	0
7	辅印【吸血⑧】	1	1	1	0
7	辅印【吸血⑨】	1	1	1	0
7	辅印【吸血⑩】	1	1	1	0
4	血祭・天劫	1	1	1	0
4	血祭・天怒	1	1	1	0
4	血祭・天妒	1	1	1	0
3	血祭・天哭铠	1	1	1	0
3	血祭・天哭袍	1	1	1	0
3	血祭・天残铠	1	1	1	0
3	血祭・天残袍	1	1	1	0
3	血祭・天裂铠	1	1	1	0
3	血祭・天裂袍	1	1	1	0
5	血・裂天[圣]	1	1	1	0
7	血・裂焰[圣]	1	1	1	0
5	血・杀佛[链]	1	1	1	0
4	血・龙光[刃]	1	1	1	0
4	血・堕世[刃]	1	1	1	0
5	血・分海[魔]	1	1	1	0
7	血・燃烧[魔]	1	1	1	0
5	血・灭神[镯]	1	1	1	0
3	血・苍龙[铠]	1	1	1	0
3	血・苍龙[袍]	1	1	1	0
3	血・浩劫[铠]	1	1	1	0
3	血・浩劫[袍]	1	1	1	0
5	血・开山[尊]	1	1	1	0
7	血・灼炎[尊]	1	1	1	0
5	血・诛天[镯]	1	1	1	0
1	小红包	1	1	1	0
1	中红包	1	1	1	0
1	大红包	1	1	1	0
1	主印【精准⑥】碎片	1	1	1	0
1	主印【精准⑦】碎片	1	1	1	0
1	主印【精准⑧】碎片	1	1	1	0
1	主印【精准⑨】碎片	1	1	1	0
1	主印【精准⑩】碎片	1	1	1	0
1	======碎片2	1	1	1	0
1	主印【强化⑥】碎片	1	1	1	0
1	主印【强化⑦】碎片	1	1	1	0
1	主印【强化⑧】碎片	1	1	1	0
1	主印【强化⑨】碎片	1	1	1	0
1	主印【强化⑩】碎片	1	1	1	0
1	======碎片3	1	1	1	0
1	主印【穿杨⑥】碎片	1	1	1	0
1	主印【穿杨⑦】碎片	1	1	1	0
1	主印【穿杨⑧】碎片	1	1	1	0
1	主印【穿杨⑨】碎片	1	1	1	0
1	主印【穿杨⑩】碎片	1	1	1	0
1	======碎片4	1	1	1	0
1	主印【国色⑥】碎片	1	1	1	0
1	主印【国色⑦】碎片	1	1	1	0
1	主印【国色⑧】碎片	1	1	1	0
1	主印【国色⑨】碎片	1	1	1	0
1	主印【国色⑩】碎片	1	1	1	0
1	======碎片5	1	1	1	0
1	主印【蝶魂⑥】碎片	1	1	1	0
1	主印【蝶魂⑦】碎片	1	1	1	0
1	主印【蝶魂⑧】碎片	1	1	1	0
1	主印【蝶魂⑨】碎片	1	1	1	0
1	主印【蝶魂⑩】碎片	1	1	1	0
1	======碎片6	1	1	1	0
1	主印【复仇⑥】碎片	1	1	1	0
1	主印【复仇⑦】碎片	1	1	1	0
1	主印【复仇⑧】碎片	1	1	1	0
1	主印【复仇⑨】碎片	1	1	1	0
1	主印【复仇⑩】碎片	1	1	1	0
1	======碎片7	1	1	1	0
1	主印【强掠⑥】碎片	1	1	1	0
1	主印【强掠⑦】碎片	1	1	1	0
1	主印【强掠⑧】碎片	1	1	1	0
1	主印【强掠⑨】碎片	1	1	1	0
1	主印【强掠⑩】碎片	1	1	1	0
1	======碎片8	1	1	1	0
1	主印【身强⑥】碎片	1	1	1	0
1	主印【身强⑦】碎片	1	1	1	0
1	主印【身强⑧】碎片	1	1	1	0
1	主印【身强⑨】碎片	1	1	1	0
1	主印【身强⑩】碎片	1	1	1	0
1	======碎片9	1	1	1	0
1	主印【运筹⑥】碎片	1	1	1	0
1	主印【运筹⑦】碎片	1	1	1	0
1	主印【运筹⑧】碎片	1	1	1	0
1	主印【运筹⑨】碎片	1	1	1	0
1	主印【运筹⑩】碎片	1	1	1	0
1	======碎片10	1	1	1	0
1	主印【吸血⑥】碎片	1	1	1	0
1	主印【吸血⑦】碎片	1	1	1	0
1	主印【吸血⑧】碎片	1	1	1	0
1	主印【吸血⑨】碎片	1	1	1	0
1	主印【吸血⑩】碎片	1	1	1	0
1	辅印【精准⑥】碎片	1	1	1	0
1	辅印【精准⑦】碎片	1	1	1	0
1	辅印【精准⑧】碎片	1	1	1	0
1	辅印【精准⑨】碎片	1	1	1	0
1	辅印【精准⑩】碎片	1	1	1	0
1	======碎片2	1	1	1	0
1	辅印【强化⑥】碎片	1	1	1	0
1	辅印【强化⑦】碎片	1	1	1	0
1	辅印【强化⑧】碎片	1	1	1	0
1	辅印【强化⑨】碎片	1	1	1	0
1	辅印【强化⑩】碎片	1	1	1	0
1	======碎片3	1	1	1	0
1	辅印【穿杨⑥】碎片	1	1	1	0
1	辅印【穿杨⑦】碎片	1	1	1	0
1	辅印【穿杨⑧】碎片	1	1	1	0
1	辅印【穿杨⑨】碎片	1	1	1	0
1	辅印【穿杨⑩】碎片	1	1	1	0
1	======碎片4	1	1	1	0
1	辅印【国色⑥】碎片	1	1	1	0
1	辅印【国色⑦】碎片	1	1	1	0
1	辅印【国色⑧】碎片	1	1	1	0
1	辅印【国色⑨】碎片	1	1	1	0
1	辅印【国色⑩】碎片	1	1	1	0
1	======碎片5	1	1	1	0
1	辅印【蝶魂⑥】碎片	1	1	1	0
1	辅印【蝶魂⑦】碎片	1	1	1	0
1	辅印【蝶魂⑧】碎片	1	1	1	0
1	辅印【蝶魂⑨】碎片	1	1	1	0
1	辅印【蝶魂⑩】碎片	1	1	1	0
1	======碎片6	1	1	1	0
1	辅印【复仇⑥】碎片	1	1	1	0
1	辅印【复仇⑦】碎片	1	1	1	0
1	辅印【复仇⑧】碎片	1	1	1	0
1	辅印【复仇⑨】碎片	1	1	1	0
1	辅印【复仇⑩】碎片	1	1	1	0
1	======碎片7	1	1	1	0
1	辅印【强掠⑥】碎片	1	1	1	0
1	辅印【强掠⑦】碎片	1	1	1	0
1	辅印【强掠⑧】碎片	1	1	1	0
1	辅印【强掠⑨】碎片	1	1	1	0
1	辅印【强掠⑩】碎片	1	1	1	0
1	======碎片8	1	1	1	0
1	辅印【身强⑥】碎片	1	1	1	0
1	辅印【身强⑦】碎片	1	1	1	0
1	辅印【身强⑧】碎片	1	1	1	0
1	辅印【身强⑨】碎片	1	1	1	0
1	辅印【身强⑩】碎片	1	1	1	0
1	======碎片9	1	1	1	0
1	辅印【运筹⑥】碎片	1	1	1	0
1	辅印【运筹⑦】碎片	1	1	1	0
1	辅印【运筹⑧】碎片	1	1	1	0
1	辅印【运筹⑨】碎片	1	1	1	0
1	辅印【运筹⑩】碎片	1	1	1	0
1	======碎片10	1	1	1	0
1	辅印【吸血⑥】碎片	1	1	1	0
1	辅印【吸血⑦】碎片	1	1	1	0
1	辅印【吸血⑧】碎片	1	1	1	0
1	辅印【吸血⑨】碎片	1	1	1	0
1	辅印【吸血⑩】碎片	1	1	1	0
1	======碎片11	1	1	1	0
1	洗髓丹[包]	1	1	1	0
1	恶魔令牌[包]	1	1	1	0
1	血龙魄珠[包]	1	1	1	0
4	红血制作QQ800125104	1	1	1	0
1	强化灵魂火符222	1	1	1	0
1	强化魔法盾333	1	1	1	0
2	血炼丹	1	1	1	0
2	回梦丹	1	1	1	0
2	大量红药	1	1	1	0
2	大量蓝药	1	1	1	0
1	聚灵珠(中)	1	1	1	0
1	聚灵珠(超级)	1	1	1	0
1	恶魔令牌	1	1	1	0
1	冰雪・盾	1	1	1	0
1	上古・盾	1	1	1	0
1	起源・盾	1	1	1	0
1	冰雪斗笠	1	1	1	0
1	上古斗笠	1	1	1	0
1	起源斗笠	1	1	1	0
1	血・冰雪・盾	1	1	1	0
1	血・冰雪・斗笠	1	1	1	0
7	1.5倍爆率勋章	1	1	1	0
4	上古诛仙【残】	1	1	1	0
4	上古鬼王【残】	1	1	1	0
4	上古耀光【残】	1	1	1	0
3	上古流云・男【残】	1	1	1	0
3	上古流云・女【残】	1	1	1	0
3	上古鬼甲【残】	1	1	1	0
3	上古鬼衣【残】	1	1	1	0
4	上古诛仙	1	1	1	0
4	上古鬼王	1	1	1	0
4	上古耀光	1	1	1	0
3	上古流云・男	1	1	1	0
3	上古流云・女	1	1	1	0
3	上古鬼甲	1	1	1	0
3	上古鬼衣	1	1	1	0
4	上古流光【残】	1	1	1	0
4	上古流光	1	1	1	0
1	金币	1	1	1	0
