;出生点
;##################################################

;边界村（比奇新人村）
;--------------------------------------------------
0	290	615    0       6        0      0       0

;银杏山谷（银杏新人村）
;--------------------------------------------------
0	650	625    0       6        0      0       0

;安全区/复活点
;##################################################

;比奇城
;--------------------------------------------------
0	329	269     0       8        4      0       0

;毒蛇山谷村庄
;--------------------------------------------------
2	503	483     0       8        4      0       0   

;白日门
;--------------------------------------------------
11	177	326     0       9        4      0       0   

;盟重土城
;--------------------------------------------------
3	330	331     0       11       4      0       0
3	308	331     0       11       4      0       0
3	285     330     0       12       4      0       0



;红名村
;--------------------------------------------------
3	850	675     0       8       4      0       0
6    123  157   0       10      0       0       0
;封魔谷
;--------------------------------------------------
4	239	204     0       8        4      0       0

;苍月岛
;--------------------------------------------------
5	140	338     0       8        4     0       0

冰雪之城    160      54     0       10       4      0       0