1	基本剑术	1	1	1	0
1	攻杀剑术	1	1	1	0
1	刺杀剑术	1	1	1	0
1	半月弯刀	1	1	1	0
1	野蛮冲撞	1	1	1	0
1	开天斩	1	1	1	0
1	烈火剑法	1	1	1	0
1	逐日剑法	1	1	1	0
1	施毒术	1	1	1	0
1	解毒术	1	1	1	0
1	群体施毒术	1	1	1	0
1	死亡之眼	1	1	1	0
1	抱月刀法	1	1	1	0
1	魔法盾	1	1	1	0
1	十步一杀	1	1	1	0
1	护体神盾	1	1	1	0
2	=======杂货类=======	1	1	1	0
1	沙巴克城主	1	1	1	0
1	沃玛号角	1	1	1	0
1	转转乐	1	1	1	0
2	盟重回城石	1	1	1	0
2	随机传送石	1	1	1	0
1	金条	1	1	1	0
1	金砖	1	1	1	0
1	金盒	1	1	1	0
4	赤金铲	1	1	1	0
1	修复油	1	1	1	0
2	修复神水	1	1	1	0
1	红名清洗卷	1	1	1	0
2	疗伤药剂	1	1	1	0
2	静气药水	1	1	1	0
2	玉露散	1	1	1	0
1	鸡肉	1	1	1	0
1	祝福油	1	1	1	0
1	超级祝福油	1	1	1	0
1	千里传音	1	1	1	0
2	=======货币触发类=======	1	1	1	0
1	1元宝	1	1	1	0
1	2元宝	1	1	1	0
1	5元宝	1	1	1	0
1	10元宝	1	1	1	0
1	50元宝	1	1	1	0
1	100元宝	1	1	1	0
1	500元宝	1	1	1	0
1	1000元宝	1	1	1	0
1	5000元宝	1	1	1	0
1	10000元宝	1	1	1	0
1	100000元宝	1	1	1	0
1	500000元宝	1	1	1	0
1	1000000元宝	1	1	1	0
1	1天下币	1	1	1	0
1	2天下币	1	1	1	0
1	5天下币	1	1	1	0
1	10天下币	1	1	1	0
1	20天下币	1	1	1	0
1	50天下币	1	1	1	0
1	100天下币	1	1	1	0
1	500天下币	1	1	1	0
1	1000天下币	1	1	1	0
2		1	1	1	0
2		1	1	1	0
2		1	1	1	0
2		1	1	1	0
2		1	1	1	0
2		1	1	1	0
2		1	1	1	0
2		1	1	1	0
2	=======新手装备=======	1	1	1	0
4	炼狱	1	1	1	0
1	新手衣服	1	1	1	0
5	黑铁头盔	1	1	1	0
5	绿色项链	1	1	1	0
5	骑士手镯	1	1	1	0
5	力量戒指	1	1	1	0
7	钢铁腰带	1	1	1	0
7	鹿皮靴	1	1	1	0
7	新手宝石	1	1	1	0
7	新手马牌	1	1	1	0
7	新手勋章	1	1	1	0
6	新手面巾	1	1	1	0
2	=======正常武器=======	1	1	1	0
4	裁决	1	1	1	0
4	屠龙	1	1	1	0
4	开天	1	1	1	0
4	火龙	1	1	1	0
4	天龙	1	1	1	0
4	冰龙	1	1	1	0
4	蛮荒战刀	1	1	1	0
4	梦幻之刃	1	1	1	0
4	英雄之刃	1	1	1	0
4	武神之刃	1	1	1	0
4	寂静魔剑	1	1	1	0
4	虎头斩	1	1	1	0
4	水蓝之剑	1	1	1	0
4	合金战刀	1	1	1	0
4	黄金战刃	1	1	1	0
4	红域魔剑	1	1	1	0
4	蝴蝶之刃	1	1	1	0
4	七彩魔刀	1	1	1	0
4	魔域之刃	1	1	1	0
4	逍遥魔剑	1	1	1	0
4	星辰之刃	1	1	1	0
4	遗忘之刃	1	1	1	0
4	迷失无双斩	1	1	1	0
4	地裂魔神斩	1	1	1	0
4	至尊之刃	1	1	1	0
4	龙神斩	1	1	1	0
4	霸王魔剑	1	1	1	0
4	缥缈之刃	1	1	1	0
4	破灭斩	1	1	1	0
4	炙炎之刃	1	1	1	0
2	=======特殊武器=======	1	1	1	0
4	幽影之枪	1	1	1	0
4	神圣之剑	1	1	1	0
4	胜利之匕	1	1	1	0
4	涅幻之刃	1	1	1	0
4	嗜血之矛	1	1	1	0
4	冰之枪	1	1	1	0
4	天御牙	1	1	1	0
4	黄金圣龙之剑	1	1	1	0
4	血矛	1	1	1	0
4	震天	1	1	1	0
4	咆哮之刀	1	1	1	0
4	邪恶之戟	1	1	1	0
4	风华之鞭	1	1	1	0
4	灵魂之锤	1	1	1	0
4	愤怒咆哮之刃	1	1	1	0
4	乾坤一剑	1	1	1	0
4	绝望	1	1	1	0
4	玄铁	1	1	1	0
4	玄铁枪	1	1	1	0
4	嗜血杀戮斧	1	1	1	0
4	破灭	1	1	1	0
4	追魂之剑	1	1	1	0
4	胜利之不灭枪	1	1	1	0
4	寒冬之刃	1	1	1	0
4	献祭血羽刃	1	1	1	0
4	人皇匕	1	1	1	0
4	战炎	1	1	1	0
4	星隐	1	1	1	0
4	天炼	1	1	1	0
4	恶魔弯刀	1	1	1	0
2	====超级特殊武器=======	1	1	1	0
4	幽影之枪[灵阶]	1	1	1	0
4	神圣之剑[灵阶]	1	1	1	0
4	胜利之匕[灵阶]	1	1	1	0
4	涅幻之刃[灵阶]	1	1	1	0
4	嗜血之矛[灵阶]	1	1	1	0
4	冰之枪[灵阶]	1	1	1	0
4	天御牙[灵阶]	1	1	1	0
4	黄金圣龙之剑[灵阶]	1	1	1	0
4	血矛[灵阶]	1	1	1	0
4	震天[灵阶]	1	1	1	0
4	咆哮之刀[仙阶]	1	1	1	0
4	邪恶之戟[仙阶]	1	1	1	0
4	风华之鞭[仙阶]	1	1	1	0
4	灵魂之锤[仙阶]	1	1	1	0
4	愤怒咆哮之刃[仙阶]	1	1	1	0
4	乾坤一剑[仙阶]	1	1	1	0
4	绝望[仙阶]	1	1	1	0
4	玄铁剑[仙阶]	1	1	1	0
4	玄铁枪[仙阶]	1	1	1	0
4	嗜血杀戮斧[仙阶]	1	1	1	0
4	破灭[神阶]	1	1	1	0
4	追魂之剑[神阶]	1	1	1	0
4	胜利之不灭枪[神阶]	1	1	1	0
4	寒冬之刃[神阶]	1	1	1	0
4	献祭血羽刃[神阶]	1	1	1	0
4	人皇匕[神阶]	1	1	1	0
4	战炎[神阶]	1	1	1	0
4	星隐[神阶]	1	1	1	0
4	天炼[神阶]	1	1	1	0
4	恶魔弯刀[神阶]	1	1	1	0
2	====正常衣服=======	1	1	1	0
1	天魔战甲	1	1	1	0
1	雷霆战甲	1	1	1	0
1	凤天魔甲	1	1	1	0
1	火龙战甲	1	1	1	0
1	天龙之铠	1	1	1	0
1	冰龙之铠	1	1	1	0
1	蛮荒战铠	1	1	1	0
1	梦幻之铠	1	1	1	0
1	英雄之铠	1	1	1	0
1	武神之铠	1	1	1	0
1	寂静魔铠	1	1	1	0
1	虎头铠	1	1	1	0
1	水蓝之铠	1	1	1	0
1	合金战甲	1	1	1	0
1	黄金战甲	1	1	1	0
1	红域魔甲	1	1	1	0
1	蝴蝶之甲	1	1	1	0
1	七彩魔甲	1	1	1	0
1	魔域之甲	1	1	1	0
1	逍遥魔甲	1	1	1	0
1	星辰之甲	1	1	1	0
1	遗忘之甲	1	1	1	0
1	迷失无双甲	1	1	1	0
1	地裂魔神甲	1	1	1	0
1	至尊之甲	1	1	1	0
1	龙神甲	1	1	1	0
1	霸王魔甲	1	1	1	0
1	缥缈之甲	1	1	1	0
1	破灭甲	1	1	1	0
1	炙炎之甲	1	1	1	0
2	========特殊衣服========	1	1	1	0
1	乌金战铠	1	1	1	0
1	天心铠甲	1	1	1	0
1	玄武战袍	1	1	1	0
1	乾坤无畏铠	1	1	1	0
1	紫阳百衲衣	1	1	1	0
1	九黎披风	1	1	1	0
1	仙元紫天	1	1	1	0
1	死亡魔魂	1	1	1	0
1	暗黑之袍	1	1	1	0
1	风流披风	1	1	1	0
1	龙骨灵铠	1	1	1	0
1	原始无双	1	1	1	0
1	火神愤怒	1	1	1	0
1	天罡灭魂	1	1	1	0
1	猩红	1	1	1	0
1	血魔	1	1	1	0
1	海神破天	1	1	1	0
1	魔鲨	1	1	1	0
1	人马冰霜	1	1	1	0
1	封龙	1	1	1	0
1	孤星战月	1	1	1	0
1	不死鸟披风	1	1	1	0
1	白夜荒天铠	1	1	1	0
1	镇魂	1	1	1	0
1	八崩	1	1	1	0
1	噬浪罗杉	1	1	1	0
1	天武神雷	1	1	1	0
1	冥铠	1	1	1	0
1	上古魔甲	1	1	1	0
1	逆水寒	1	1	1	0
2	======超级特殊衣服=======	1	1	1	0
1	乌金战铠[灵阶]	1	1	1	0
1	天心铠甲[灵阶]	1	1	1	0
1	玄武战袍[灵阶]	1	1	1	0
1	乾坤无畏铠[灵阶]	1	1	1	0
1	紫阳百衲衣[灵阶]	1	1	1	0
1	九黎披风[灵阶]	1	1	1	0
1	仙元紫天[灵阶]	1	1	1	0
1	死亡魔魂[灵阶]	1	1	1	0
1	暗黑之袍[灵阶]	1	1	1	0
1	风流披风[灵阶]	1	1	1	0
1	龙骨灵铠[仙阶]	1	1	1	0
1	原始无双[仙阶]	1	1	1	0
1	火神愤怒[仙阶]	1	1	1	0
1	天罡灭魂[仙阶]	1	1	1	0
1	猩红[仙阶]	1	1	1	0
1	血魔[仙阶]	1	1	1	0
1	海神破天[仙阶]	1	1	1	0
1	魔鲨[仙阶]	1	1	1	0
1	人马冰霜[仙阶]	1	1	1	0
1	封龙[仙阶]	1	1	1	0
1	孤星战月[神阶]	1	1	1	0
1	不死鸟披风[神阶]	1	1	1	0
1	白夜荒天铠[神阶]	1	1	1	0
1	镇魂[神阶]	1	1	1	0
1	八崩[神阶]	1	1	1	0
1	噬浪罗杉[神阶]	1	1	1	0
1	天武神雷[神阶]	1	1	1	0
1	冥铠[神阶]	1	1	1	0
1	上古魔甲[神阶]	1	1	1	0
1	逆水寒[神阶]	1	1	1	0
2	======普通头盔========	1	1	1	0
5	圣战头盔	1	1	1	0
5	雷霆头盔	1	1	1	0
5	圣龙盔	1	1	1	0
5	火龙头盔	1	1	1	0
5	天龙头盔	1	1	1	0
5	冰龙头盔	1	1	1	0
5	蛮荒头盔	1	1	1	0
5	梦幻头盔	1	1	1	0
5	英雄头盔	1	1	1	0
5	武神头盔	1	1	1	0
5	寂静头盔	1	1	1	0
5	虎头盔	1	1	1	0
5	水蓝之盔	1	1	1	0
5	合金战盔	1	1	1	0
5	黄金战盔	1	1	1	0
5	红域头盔	1	1	1	0
5	蝴蝶头盔	1	1	1	0
5	七彩头盔	1	1	1	0
5	魔域头盔	1	1	1	0
5	逍遥头盔	1	1	1	0
5	星辰头盔	1	1	1	0
5	遗忘头盔	1	1	1	0
5	迷失无双盔	1	1	1	0
5	地裂魔神盔	1	1	1	0
5	至尊头盔	1	1	1	0
5	龙神头盔	1	1	1	0
5	霸王头盔	1	1	1	0
5	缥缈头盔	1	1	1	0
5	破灭头盔	1	1	1	0
5	炙炎头盔	1	1	1	0
2	=======特殊头盔=======	1	1	1	0
5	怨灵	1	1	1	0
5	封天	1	1	1	0
5	血怒之魂	1	1	1	0
5	帝江	1	1	1	0
5	神罗面具	1	1	1	0
5	死亡化身	1	1	1	0
5	血苍穹	1	1	1	0
5	笑苍生	1	1	1	0
5	炽烈修罗	1	1	1	0
5	暗黑切割者	1	1	1	0
5	烈狱裁断	1	1	1	0
5	黄泉天怒	1	1	1	0
5	远古开天盔	1	1	1	0
5	逆鳞	1	1	1	0
5	幻夜	1	1	1	0
5	罗天法相	1	1	1	0
5	猎魂	1	1	1	0
5	天宫之盔	1	1	1	0
5	清曜	1	1	1	0
5	帝释盔	1	1	1	0
5	紫极魔瞳	1	1	1	0
5	噬血魔盔	1	1	1	0
5	影血	1	1	1	0
5	天翼	1	1	1	0
5	龙蝶	1	1	1	0
5	破天之盔	1	1	1	0
5	赤血魔盔	1	1	1	0
5	神殇	1	1	1	0
5	轮回天殇	1	1	1	0
5	日炎	1	1	1	0
2	=======超级特殊头盔=======	1	1	1	0
5	怨灵I	1	1	1	0
5	封天I	1	1	1	0
5	血怒之魂I	1	1	1	0
5	帝江I	1	1	1	0
5	神罗面具I	1	1	1	0
5	死亡化身I	1	1	1	0
5	血苍穹I	1	1	1	0
5	笑苍生I	1	1	1	0
5	炽烈修罗I	1	1	1	0
5	暗黑切割者I	1	1	1	0
5	烈狱裁断I	1	1	1	0
5	黄泉天怒I	1	1	1	0
5	远古开天盔I	1	1	1	0
5	逆鳞I	1	1	1	0
5	幻夜I	1	1	1	0
5	罗天法相I	1	1	1	0
5	猎魂I	1	1	1	0
5	天宫之盔I	1	1	1	0
5	清曜I	1	1	1	0
5	帝释盔I	1	1	1	0
5	紫极魔瞳I	1	1	1	0
5	噬血魔盔I	1	1	1	0
5	影血I	1	1	1	0
5	天翼I	1	1	1	0
5	龙蝶I	1	1	1	0
5	破天之盔I	1	1	1	0
5	赤血魔盔I	1	1	1	0
5	神殇I	1	1	1	0
5	轮回天殇I	1	1	1	0
5	日炎I	1	1	1	0
2	=====普通项链=====	1	1	1	0
5	圣战项链	1	1	1	0
5	雷霆项链	1	1	1	0
5	战神项链	1	1	1	0
5	火龙项链	1	1	1	0
5	天龙项链	1	1	1	0
5	冰龙项链	1	1	1	0
5	蛮荒项链	1	1	1	0
5	梦幻项链	1	1	1	0
5	英雄项链	1	1	1	0
5	武神项链	1	1	1	0
5	寂静项链	1	1	1	0
5	虎头项链	1	1	1	0
5	水蓝项链	1	1	1	0
5	合金项链	1	1	1	0
5	黄金项链	1	1	1	0
5	红域项链	1	1	1	0
5	蝴蝶项链	1	1	1	0
5	七彩项链	1	1	1	0
5	魔域项链	1	1	1	0
5	逍遥项链	1	1	1	0
5	星辰项链	1	1	1	0
5	遗忘项链	1	1	1	0
5	迷失无双链	1	1	1	0
5	地裂魔神链	1	1	1	0
5	至尊项链	1	1	1	0
5	龙神项链	1	1	1	0
5	霸王项链	1	1	1	0
5	缥缈项链	1	1	1	0
5	破灭项链	1	1	1	0
5	炙炎项链	1	1	1	0
2	=====特殊项链=====	1	1	1	0
5	遗失	1	1	1	0
5	破月	1	1	1	0
5	嗜血	1	1	1	0
5	霸王	1	1	1	0
5	圣山	1	1	1	0
5	流星	1	1	1	0
5	彩云	1	1	1	0
5	魔云	1	1	1	0
5	神隐	1	1	1	0
5	万里碧海	1	1	1	0
5	永恒边界	1	1	1	0
5	传说挂坠	1	1	1	0
5	月神咆哮	1	1	1	0
5	雷霆之怒	1	1	1	0
5	天羽	1	1	1	0
5	摘星	1	1	1	0
5	凝旋	1	1	1	0
5	雷蝠天翼	1	1	1	0
5	魂锁	1	1	1	0
5	凝血爆	1	1	1	0
5	蓝焰滔天	1	1	1	0
5	琉璃挂坠	1	1	1	0
5	幻梦空影	1	1	1	0
5	龙牙舞星	1	1	1	0
5	苍衍灭灵	1	1	1	0
5	天穹诸星	1	1	1	0
5	圣决天佑	1	1	1	0
5	幽冥泉落	1	1	1	0
5	剑吼蛟龙怒	1	1	1	0
5	孤星战链	1	1	1	0
2	======超级特殊项链=====	1	1	1	0
5	遗失I	1	1	1	0
5	破月I	1	1	1	0
5	嗜血I	1	1	1	0
5	霸王I	1	1	1	0
5	圣山I	1	1	1	0
5	流星I	1	1	1	0
5	彩云I	1	1	1	0
5	魔云I	1	1	1	0
5	神隐I	1	1	1	0
5	万里碧海I	1	1	1	0
5	永恒边界I	1	1	1	0
5	传说挂坠I	1	1	1	0
5	月神咆哮I	1	1	1	0
5	雷霆之怒I	1	1	1	0
5	天羽I	1	1	1	0
5	摘星I	1	1	1	0
5	凝旋I	1	1	1	0
5	雷蝠天翼I	1	1	1	0
5	魂锁I	1	1	1	0
5	凝血爆I	1	1	1	0
5	蓝焰滔天I	1	1	1	0
5	琉璃挂坠I	1	1	1	0
5	幻梦空影I	1	1	1	0
5	龙牙舞星I	1	1	1	0
5	苍衍灭灵I	1	1	1	0
5	天穹诸星I	1	1	1	0
5	圣决天佑I	1	1	1	0
5	幽冥泉落I	1	1	1	0
5	剑吼蛟龙怒I	1	1	1	0
5	孤星战月I	1	1	1	0
2	====正常手镯=====	1	1	1	0
5	圣战手镯	1	1	1	0
5	雷霆手镯	1	1	1	0
5	战神手镯	1	1	1	0
5	火龙手镯	1	1	1	0
5	天龙手镯	1	1	1	0
5	冰龙手镯	1	1	1	0
5	蛮荒手镯	1	1	1	0
5	梦幻手镯	1	1	1	0
5	英雄手镯	1	1	1	0
5	武神手镯	1	1	1	0
5	寂静手镯	1	1	1	0
5	虎头手镯	1	1	1	0
5	水蓝手镯	1	1	1	0
5	合金手镯	1	1	1	0
5	黄金手镯	1	1	1	0
5	红域手镯	1	1	1	0
5	蝴蝶手镯	1	1	1	0
5	七彩手镯	1	1	1	0
5	魔域手镯	1	1	1	0
5	逍遥手镯	1	1	1	0
5	星辰手镯	1	1	1	0
5	遗忘手镯	1	1	1	0
5	迷失无双镯	1	1	1	0
5	地裂魔神镯	1	1	1	0
5	至尊手镯	1	1	1	0
5	龙神手镯	1	1	1	0
5	霸王手镯	1	1	1	0
5	缥缈手镯	1	1	1	0
5	破灭手镯	1	1	1	0
5	炙炎手镯	1	1	1	0
2	====特殊手镯=====	1	1	1	0
5	幽灵手镯	1	1	1	0
5	末日手镯	1	1	1	0
5	骑士亡镯	1	1	1	0
5	未知神镯	1	1	1	0
5	帝皇手镯	1	1	1	0
5	龙牙手镯	1	1	1	0
5	深渊之镯	1	1	1	0
5	地狱之爪	1	1	1	0
5	神灵守护	1	1	1	0
5	传说手镯	1	1	1	0
5	毁灭公爵	1	1	1	0
5	天晶噬魂	1	1	1	0
5	麒麟臂	1	1	1	0
5	流光万丈	1	1	1	0
5	七宝琉璃	1	1	1	0
5	双龙魔影	1	1	1	0
5	碎颅拳套	1	1	1	0
5	灵者之拳	1	1	1	0
5	绝望之喉	1	1	1	0
5	暗影之息	1	1	1	0
5	霜噬拳套	1	1	1	0
5	愤怒风暴	1	1	1	0
5	上清	1	1	1	0
5	七宝玲珑	1	1	1	0
5	吞噬之影	1	1	1	0
5	火焰新星	1	1	1	0
5	赤精之赐	1	1	1	0
5	灾厄之手	1	1	1	0
5	恐爪拳套	1	1	1	0
5	黑潮之螯	1	1	1	0
2	====超级特殊手镯=====	1	1	1	0
5	幽灵手镯I	1	1	1	0
5	末日手镯I	1	1	1	0
5	骑士亡镯I	1	1	1	0
5	未知神镯I	1	1	1	0
5	帝皇手镯I	1	1	1	0
5	龙牙手镯I	1	1	1	0
5	深渊之镯I	1	1	1	0
5	地狱之爪I	1	1	1	0
5	神灵守护I	1	1	1	0
5	传说手镯I	1	1	1	0
5	毁灭公爵I	1	1	1	0
5	天晶噬魂I	1	1	1	0
5	麒麟臂I	1	1	1	0
5	流光万丈I	1	1	1	0
5	七宝琉璃I	1	1	1	0
5	双龙魔影I	1	1	1	0
5	碎颅拳套I	1	1	1	0
5	灵者之拳I	1	1	1	0
5	绝望之喉I	1	1	1	0
5	暗影之息I	1	1	1	0
5	霜噬拳套I	1	1	1	0
5	愤怒风暴I	1	1	1	0
5	上清I	1	1	1	0
5	七宝玲珑I	1	1	1	0
5	吞噬之影I	1	1	1	0
5	火焰新星I	1	1	1	0
5	赤精之赐I	1	1	1	0
5	灾厄之手I	1	1	1	0
5	恐爪拳套I	1	1	1	0
5	黑潮之螯I	1	1	1	0
2	====正常戒指=====	1	1	1	0
5	圣战戒指	1	1	1	0
5	雷霆戒指	1	1	1	0
5	战神戒指	1	1	1	0
5	火龙戒指	1	1	1	0
5	天龙戒指	1	1	1	0
5	冰龙戒指	1	1	1	0
5	蛮荒戒指	1	1	1	0
5	梦幻戒指	1	1	1	0
5	英雄戒指	1	1	1	0
5	武神戒指	1	1	1	0
5	寂静戒指	1	1	1	0
5	虎头戒指	1	1	1	0
5	水蓝戒指	1	1	1	0
5	合金戒指	1	1	1	0
5	黄金戒指	1	1	1	0
5	红域戒指	1	1	1	0
5	蝴蝶戒指	1	1	1	0
5	七彩戒指	1	1	1	0
5	魔域戒指	1	1	1	0
5	逍遥戒指	1	1	1	0
5	星辰戒指	1	1	1	0
5	遗忘戒指	1	1	1	0
5	迷失无双指	1	1	1	0
5	地裂魔神指	1	1	1	0
5	至尊戒指	1	1	1	0
5	龙神戒指	1	1	1	0
5	霸王戒指	1	1	1	0
5	缥缈戒指	1	1	1	0
5	破灭戒指	1	1	1	0
5	炙炎戒指	1	1	1	0
2	=====特殊戒指======	1	1	1	0
5	幽灵之戒	1	1	1	0
5	圣心神戒	1	1	1	0
5	遗忘之戒	1	1	1	0
5	命运之戒	1	1	1	0
5	勇者之戒	1	1	1	0
5	灵魂之戒	1	1	1	0
5	漆黑之戒	1	1	1	0
5	神灵毁灭	1	1	1	0
5	邪灵之戒	1	1	1	0
5	噬魂魔戒	1	1	1	0
5	蛇指	1	1	1	0
5	鬼影指环	1	1	1	0
5	圣之圆环	1	1	1	0
5	流光圣戒	1	1	1	0
5	蝴蝶指环	1	1	1	0
5	虚幻之蛇	1	1	1	0
5	哀伤指环	1	1	1	0
5	绝望之戒	1	1	1	0
5	霜噬指环	1	1	1	0
5	饮血戒	1	1	1	0
5	殇神	1	1	1	0
5	泣天	1	1	1	0
5	帝陨戒指	1	1	1	0
5	武皇神戒	1	1	1	0
5	白之毒戒	1	1	1	0
5	青蛇毒牙	1	1	1	0
5	神怒之炎	1	1	1	0
5	爆焰旋L	1	1	1	0
5	冰封}T	1	1	1	0
5	虹魔指环	1	1	1	0
2	====超级特殊戒指====	1	1	1	0
5	幽灵之戒I	1	1	1	0
5	圣心神戒I	1	1	1	0
5	遗忘之戒I	1	1	1	0
5	命运之戒I	1	1	1	0
5	勇者之戒I	1	1	1	0
5	灵魂之戒I	1	1	1	0
5	漆黑之戒I	1	1	1	0
5	神灵毁灭I	1	1	1	0
5	邪灵之戒I	1	1	1	0
5	噬魂魔戒I	1	1	1	0
5	蛇指I	1	1	1	0
5	鬼影指环I	1	1	1	0
5	圣之圆环I	1	1	1	0
5	流光圣戒I	1	1	1	0
5	蝴蝶指环I	1	1	1	0
5	虚幻之蛇I	1	1	1	0
5	哀伤指环I	1	1	1	0
5	绝望之戒I	1	1	1	0
5	霜噬指环I	1	1	1	0
5	饮血戒I	1	1	1	0
5	殇神I	1	1	1	0
5	泣天I	1	1	1	0
5	帝陨戒指I	1	1	1	0
5	武皇神戒I	1	1	1	0
5	白之毒戒I	1	1	1	0
5	青蛇毒牙I	1	1	1	0
5	神怒之炎I	1	1	1	0
5	爆焰旋LI	1	1	1	0
5	冰封}TI	1	1	1	0
5	虹魔指环I	1	1	1	0
2	=====正常腰带========	1	1	1	0
7	圣战腰带	1	1	1	0
7	雷霆腰带	1	1	1	0
7	战神腰带	1	1	1	0
7	火龙腰带	1	1	1	0
7	天龙腰带	1	1	1	0
7	冰龙腰带	1	1	1	0
7	蛮荒腰带	1	1	1	0
7	梦幻腰带	1	1	1	0
7	英雄腰带	1	1	1	0
7	武神腰带	1	1	1	0
7	寂静腰带	1	1	1	0
7	虎头腰带	1	1	1	0
7	水蓝腰带	1	1	1	0
7	合金腰带	1	1	1	0
7	黄金腰带	1	1	1	0
7	红域腰带	1	1	1	0
7	蝴蝶腰带	1	1	1	0
7	七彩腰带	1	1	1	0
7	魔域腰带	1	1	1	0
7	逍遥腰带	1	1	1	0
7	星辰腰带	1	1	1	0
7	遗忘腰带	1	1	1	0
7	迷失无双腰	1	1	1	0
7	地裂魔神腰	1	1	1	0
7	至尊腰带	1	1	1	0
7	龙神腰带	1	1	1	0
7	霸王腰带	1	1	1	0
7	缥缈腰带	1	1	1	0
7	破灭腰带	1	1	1	0
7	炙炎腰带	1	1	1	0
2	=====特殊腰带======	1	1	1	0
7	天绝圣带	1	1	1	0
7	虎威魔带	1	1	1	0
7	尊之苍穹	1	1	1	0
7	圣之传承	1	1	1	0
7	魔之复兴	1	1	1	0
7	魉笛带	1	1	1	0
7	屠神	1	1	1	0
7	寒骨	1	1	1	0
7	流夜	1	1	1	0
7	九尺墨影	1	1	1	0
7	永夜暗鸣	1	1	1	0
7	降妖之带	1	1	1	0
7	咆哮之带	1	1	1	0
7	无极真义	1	1	1	0
7	最后的怒吼	1	1	1	0
7	逍遥天地	1	1	1	0
7	远古之腰	1	1	1	0
7	赦免	1	1	1	0
7	无双护腿	1	1	1	0
7	永夜黎明	1	1	1	0
7	暗夜潜行	1	1	1	0
7	血色纹带	1	1	1	0
7	幻想空域	1	1	1	0
7	静籁永恒	1	1	1	0
7	星空之源	1	1	1	0
7	鲜血哀歌	1	1	1	0
7	幽光鞘腰	1	1	1	0
7	镇魂之虚	1	1	1	0
7	死灵之阳	1	1	1	0
7	涅天威	1	1	1	0
2	====超级特殊腰带====	1	1	1	0
7	天绝圣带I	1	1	1	0
7	虎威魔带I	1	1	1	0
7	尊之苍穹I	1	1	1	0
7	圣之传承I	1	1	1	0
7	魔之复兴I	1	1	1	0
7	魉笛带I	1	1	1	0
7	屠神I	1	1	1	0
7	寒骨I	1	1	1	0
7	流夜I	1	1	1	0
7	九尺墨影I	1	1	1	0
7	永夜暗鸣I	1	1	1	0
7	降妖之带I	1	1	1	0
7	咆哮之带I	1	1	1	0
7	无极真义I	1	1	1	0
7	最后的怒吼I	1	1	1	0
7	逍遥天地I	1	1	1	0
7	远古之腰I	1	1	1	0
7	赦免I	1	1	1	0
7	无双护腿I	1	1	1	0
7	永夜黎明I	1	1	1	0
7	暗夜潜行I	1	1	1	0
7	血色纹带I	1	1	1	0
7	幻想空域I	1	1	1	0
7	静籁永恒I	1	1	1	0
7	星空之源I	1	1	1	0
7	鲜血哀歌I	1	1	1	0
7	幽光鞘腰I	1	1	1	0
7	镇魂之虚I	1	1	1	0
7	死灵之阳I	1	1	1	0
7	涅天威I	1	1	1	0
2	======靴子=======	1	1	1	0
7	圣战靴子	1	1	1	0
7	雷霆靴子	1	1	1	0
7	战神靴子	1	1	1	0
7	火龙靴子	1	1	1	0
7	天龙靴子	1	1	1	0
7	冰龙靴子	1	1	1	0
7	蛮荒靴子	1	1	1	0
7	梦幻靴子	1	1	1	0
7	英雄靴子	1	1	1	0
7	武神靴子	1	1	1	0
7	寂静靴子	1	1	1	0
7	虎头靴子	1	1	1	0
7	水蓝靴子	1	1	1	0
7	合金靴子	1	1	1	0
7	黄金靴子	1	1	1	0
7	红域靴子	1	1	1	0
7	蝴蝶靴子	1	1	1	0
7	七彩靴子	1	1	1	0
7	魔域靴子	1	1	1	0
7	逍遥靴子	1	1	1	0
7	星辰靴子	1	1	1	0
7	遗忘靴子	1	1	1	0
7	迷失无双靴	1	1	1	0
7	地裂魔神靴	1	1	1	0
7	至尊靴子	1	1	1	0
7	龙神靴子	1	1	1	0
7	霸王靴子	1	1	1	0
7	缥缈靴子	1	1	1	0
7	破灭靴子	1	1	1	0
7	炙炎靴子	1	1	1	0
2	====特殊靴子======	1	1	1	0
7	波力之靴	1	1	1	0
7	狂风马靴	1	1	1	0
7	晓梦	1	1	1	0
7	微光短靴	1	1	1	0
7	浸毒布靴	1	1	1	0
7	远古法鞋	1	1	1	0
7	亚瑟	1	1	1	0
7	聚灵	1	1	1	0
7	大师之靴	1	1	1	0
7	露指之血	1	1	1	0
7	死灵之潮汐	1	1	1	0
7	银月之血斑	1	1	1	0
7	守护远古战靴	1	1	1	0
7	冰灵苍穹	1	1	1	0
7	剑相	1	1	1	0
7	万仞	1	1	1	0
7	幽灵阴影	1	1	1	0
7	龙旋破军	1	1	1	0
7	熔火之皮	1	1	1	0
7	苍澜灭魔靴	1	1	1	0
7	散纶玉靴	1	1	1	0
7	天修魂济世履	1	1	1	0
7	雷焱炙羽履	1	1	1	0
7	宿驻灵靴	1	1	1	0
7	命运暗鸣	1	1	1	0
7	冰魄返魂	1	1	1	0
7	屠戮之靴	1	1	1	0
7	守护之靴	1	1	1	0
7	初心	1	1	1	0
7	古拉之海	1	1	1	0
2	====超级特殊靴子====	1	1	1	0
7	波力之靴I	1	1	1	0
7	狂风马靴I	1	1	1	0
7	晓梦I	1	1	1	0
7	微光短靴I	1	1	1	0
7	浸毒布靴I	1	1	1	0
7	远古法鞋I	1	1	1	0
7	亚瑟I	1	1	1	0
7	聚灵I	1	1	1	0
7	大师之靴I	1	1	1	0
7	露指之血I	1	1	1	0
7	死灵之潮汐I	1	1	1	0
7	银月之血斑I	1	1	1	0
7	守护远古战靴I	1	1	1	0
7	冰灵苍穹I	1	1	1	0
7	剑相I	1	1	1	0
7	万仞I	1	1	1	0
7	幽灵阴影I	1	1	1	0
7	龙旋破军I	1	1	1	0
7	熔火之皮I	1	1	1	0
7	苍澜灭魔靴I	1	1	1	0
7	散纶玉靴I	1	1	1	0
7	天修魂济世履I	1	1	1	0
7	雷焱炙羽履I	1	1	1	0
7	宿驻灵靴I	1	1	1	0
7	命运暗鸣I	1	1	1	0
7	冰魄返魂I	1	1	1	0
7	屠戮之靴I	1	1	1	0
7	守护之靴I	1	1	1	0
7	初心I	1	1	1	0
7	古拉之海I	1	1	1	0
2	=========勋章=========	1	1	1	0
7	怒颜者・盈怒	1	1	1	0
7	狂放者・诛魂	1	1	1	0
7	影遁者・隐灭	1	1	1	0
7	仙律者・裁决	1	1	1	0
7	嗜魂者・镜花	1	1	1	0
7	强韧者・日月	1	1	1	0
7	坚定者・无殇	1	1	1	0
7	隐匿者・逐日	1	1	1	0
7	冰缚者・霜桦	1	1	1	0
7	神武者・碧空	1	1	1	0
2	======宝石======	1	1	1	0
7	断肠	1	1	1	0
7	拂魂	1	1	1	0
7	凤翼	1	1	1	0
7	天翔	1	1	1	0
7	九龙	1	1	1	0
7	明光	1	1	1	0
7	流焰	1	1	1	0
7	破魂	1	1	1	0
7	云罗	1	1	1	0
7	战天	1	1	1	0
2	=======上古异兽=========	1	1	1	0
3	上古异兽	1	1	1	0
2	======马牌======	1	1	1	0
1	御兽石[枣红马]	1	1	1	0
1	御兽石[乌黑马]	1	1	1	0
1	御兽石[白马]	1	1	1	0
1	御兽石[赤炎马]	1	1	1	0
1	御兽石[高头大马]	1	1	1	0
1	御兽石[迎亲马]	1	1	1	0
1	御兽石[金色马]	1	1	1	0
1	御兽石[骐骥]	1	1	1	0
1	御兽石[幼麒麟]	1	1	1	0
1	御兽石[黄金虎]	1	1	1	0
1	御兽石[独角战马]	1	1	1	0
1	御兽石[赤兔]	1	1	1	0
1	御兽石[烈焰独角]	1	1	1	0
1	御兽石[天子之骏]	1	1	1	0
1	御兽石[百兽之王]	1	1	1	0
1	御兽石[飒露紫]	1	1	1	0
1	御兽石[乌骓]	1	1	1	0
1	御兽石[白熊]	1	1	1	0
1	御兽石[森林白斑]	1	1	1	0
1	御兽石[烈焰]	1	1	1	0
1	御兽石[至尊白虎]	1	1	1	0
1	御兽石[拳毛m]	1	1	1	0
1	御兽石[XZ]	1	1	1	0
1	御兽石[黄骠]	1	1	1	0
1	御兽石[天驷]	1	1	1	0
1	御兽石[森林狼]	1	1	1	0
1	御兽石[雪狼]	1	1	1	0
1	御兽石[照夜玉狼]	1	1	1	0
1	御兽石[八骏]	1	1	1	0
1	御兽石[青骓]	1	1	1	0
2	马牌----------------------	1	1	1	0
7	幻化马牌[枣红马]	1	1	1	0
7	幻化马牌[乌黑马]	1	1	1	0
7	幻化马牌[白马]	1	1	1	0
7	幻化马牌[赤炎马]	1	1	1	0
7	幻化马牌[高头大马]	1	1	1	0
7	幻化马牌[迎亲马]	1	1	1	0
7	幻化马牌[金色马]	1	1	1	0
7	幻化马牌[骐骥]	1	1	1	0
7	幻化马牌[幼麒麟]	1	1	1	0
7	幻化马牌[黄金虎]	1	1	1	0
7	幻化马牌[独角战马]	1	1	1	0
7	幻化马牌[赤兔]	1	1	1	0
7	幻化马牌[烈焰独角]	1	1	1	0
7	幻化马牌[天子之骏]	1	1	1	0
7	幻化马牌[百兽之王]	1	1	1	0
7	幻化马牌[飒露紫]	1	1	1	0
7	幻化马牌[乌骓]	1	1	1	0
7	幻化马牌[白熊]	1	1	1	0
7	幻化马牌[森林白斑]	1	1	1	0
7	幻化马牌[烈焰]	1	1	1	0
7	幻化马牌[至尊白虎]	1	1	1	0
7	幻化马牌[拳毛m]	1	1	1	0
7	幻化马牌[XZ]	1	1	1	0
7	幻化马牌[黄骠]	1	1	1	0
7	幻化马牌[天驷]	1	1	1	0
7	幻化马牌[森林狼]	1	1	1	0
7	幻化马牌[雪狼]	1	1	1	0
7	幻化马牌[照夜玉狼]	1	1	1	0
7	幻化马牌[八骏]	1	1	1	0
7	幻化马牌[青骓]	1	1	1	0
2		1	1	1	0
2		1	1	1	0
2		1	1	1	0
1	天外陨石	1	1	1	0
1	修炼石	1	1	1	0
1	无极剑圣	1	1	1	0
1	玄武铠甲	1	1	1	0
1	头真的铁	1	1	1	0
1	终极之链	1	1	1	0
1	手臂魂骨	1	1	1	0
1	DR钻戒	1	1	1	0
1	万里追踪	1	1	1	0
1	腰缠万贯	1	1	1	0
1	伟大的结晶	1	1	1	0
1	一转证明	1	1	1	0
1	二转证明	1	1	1	0
1	三转证明	1	1	1	0
1	四转证明	1	1	1	0
1	五转证明	1	1	1	0
1	六转证明	1	1	1	0
1	七转证明	1	1	1	0
1	八转证明	1	1	1	0
1	九转证明	1	1	1	0
1	十转证明	1	1	1	0
1	转世晶石1	1	1	1	0
1	飞升晶石	1	1	1	0
1	初级称号证明	1	1	1	0
1	高级称号证明	1	1	1	0
1	超级称号证明	1	1	1	0
1	神级称号证明	1	1	1	0
1	神器碎片	1	1	1	0
1	灵兽精石	1	1	1	0
2	====转生称号====	1	1	1	0
1	白日升天	1	1	1	0
1	飞升成仙	1	1	1	0
1	百炼成仙	1	1	1	0
1	得道成仙	1	1	1	0
1	修神成仙	1	1	1	0
1	跨凤乘龙	1	1	1	0
1	仙人板板	1	1	1	0
2		1	1	1	0
2	=====时装======	1	1	1	0
1	开天残①	1	1	1	0
1	开天残②	1	1	1	0
1	开天残③	1	1	1	0
1	开天残④	1	1	1	0
1	开天残⑤	1	1	1	0
1	开天残⑥	1	1	1	0
1	开天残⑦	1	1	1	0
1	开天[时装]	1	1	1	0
1	黄金残①	1	1	1	0
1	黄金残②	1	1	1	0
1	黄金残③	1	1	1	0
1	黄金残④	1	1	1	0
1	黄金残⑤	1	1	1	0
1	黄金残⑥	1	1	1	0
1	黄金残⑦	1	1	1	0
1	黄金[时装]	1	1	1	0
1	嗜血残①	1	1	1	0
1	嗜血残②	1	1	1	0
1	嗜血残③	1	1	1	0
1	嗜血残④	1	1	1	0
1	嗜血残⑤	1	1	1	0
1	嗜血残⑥	1	1	1	0
1	嗜血残⑦	1	1	1	0
1	嗜血[时装]	1	1	1	0
1	制裁残①	1	1	1	0
1	制裁残②	1	1	1	0
1	制裁残③	1	1	1	0
1	制裁残④	1	1	1	0
1	制裁残⑤	1	1	1	0
1	制裁残⑥	1	1	1	0
1	制裁残⑦	1	1	1	0
1	制裁[时装]	1	1	1	0
1	天使残①	1	1	1	0
1	天使残②	1	1	1	0
1	天使残③	1	1	1	0
1	天使残④	1	1	1	0
1	天使残⑤	1	1	1	0
1	天使残⑥	1	1	1	0
1	天使残⑦	1	1	1	0
1	天使[时装]	1	1	1	0
2		1	1	1	0
2		1	1	1	0
2		1	1	1	0
2		1	1	1	0
2		1	1	1	0
2		1	1	1	0
2		1	1	1	0
2		1	1	1	0
2	======称号======	1	1	1	0
1	开拓・初出江湖	1	1	1	0
1	先锋・江湖少侠	1	1	1	0
1	无畏・武林俊杰	1	1	1	0
1	驭风・罕有敌手	1	1	1	0
1	破焰・绝世高手	1	1	1	0
1	毁灭・傲视群雄	1	1	1	0
1	审判・独孤求败	1	1	1	0
1	屠龙・凶神恶煞	1	1	1	0
1	修罗・屠戮成性	1	1	1	0
1	神谕・武林魔头	1	1	1	0
1	乾坤・风华绝月	1	1	1	0
1	破天・烽火无极	1	1	1	0
1	天下・问鼎争锋	1	1	1	0
1	证道・鬼面罗刹	1	1	1	0
1	玄冥・逆道违天	1	1	1	0
1	狂舞・百步屠魔	1	1	1	0
1	浮沉・青天苍茫	1	1	1	0
1	无敌・死躯灭魂	1	1	1	0
1	轮回・天地难葬	1	1	1	0
1	归一・终极审判	1	1	1	0
1	踏碎天地・众生朝	1	1	1	0
1	血染诸天・涅阴阳	1	1	1	0
1	一念天道・化三千	1	1	1	0
1	混化阴阳・断生念	1	1	1	0
1	一笑沧海・化桑田	1	1	1	0
1	万剑归宗・阴阳间	1	1	1	0
1	修罗战火・焚尽天	1	1	1	0
1	人非圣贤・斩情绝	1	1	1	0
1	浮华无忌・百化仙	1	1	1	0
1	唯我独尊・屠苍生	1	1	1	0
1	世界之巅・诸神灭	1	1	1	0
1	======武器图纸=======	1	1	1	0
1	光之剑图纸	1	1	1	0
1	蓝灵法杖图纸	1	1	1	0
1	邪恶之剑图纸	1	1	1	0
1	末日之斧图纸	1	1	1	0
1	绿玉屠龙图纸	1	1	1	0
1	绿玉裁决图纸	1	1	1	0
1	退魔权杖图纸	1	1	1	0
1	寒冰剑图纸	1	1	1	0
1	幽灵の魔图纸	1	1	1	0
1	毒龙之身图纸	1	1	1	0
1	幽冥の鬼爪图纸	1	1	1	0
1	倚天剑图纸	1	1	1	0
1	假・破馆珍剑图纸	1	1	1	0
1	破碎・破馆珍剑图纸	1	1	1	0
1	破馆珍剑图纸	1	1	1	0
1	真・破馆珍剑图纸	1	1	1	0
1	赤血魔剑图纸	1	1	1	0
1	小红剑图纸	1	1	1	0
1	魅影之刃图纸	1	1	1	0
1	真・倚天剑图纸	1	1	1	0
1	真・魅影之刃图纸	1	1	1	0
1	轩辕剑图纸	1	1	1	0
1	天下神剑图纸	1	1	1	0
2	=======衣服图纸======	1	1	1	0
1	骑士战袍图纸	1	1	1	0
1	猩猩战甲图纸	1	1	1	0
1	幽冥の图纸	1	1	1	0
1	钢铁之铠图纸	1	1	1	0
1	天地の防图纸	1	1	1	0
1	天使龙翼图纸	1	1	1	0
1	仙の摩罗神甲图纸	1	1	1	0
1	仙の寒冰守护图纸	1	1	1	0
1	髡h神甲图纸	1	1	1	0
1	绝对防御图纸	1	1	1	0
1	堕落・诅咒之翼图纸	1	1	1	0
1	甲图纸	1	1	1	0
1	血腥の战甲图纸	1	1	1	0
1	魅影神甲图纸	1	1	1	0
1	真・魅影神甲图纸	1	1	1	0
1	倚天战甲图纸	1	1	1	0
1	真・倚天战甲图纸	1	1	1	0
1	天下神铠图纸	1	1	1	0
2	=======项链图纸=======	1	1	1	0
1	精灵の翔图纸	1	1	1	0
1	神之项链图纸	1	1	1	0
1	苍龙霸泣图纸	1	1	1	0
1	开天の链图纸	1	1	1	0
1	强者之魂图纸	1	1	1	0
1	通天・王链图纸	1	1	1	0
1	天地造化链图纸	1	1	1	0
1	幸运之链图纸	1	1	1	0
1	神力之链图纸	1	1	1	0
1	致命之链图纸	1	1	1	0
1	炼狱裁断图纸	1	1	1	0
1	血之链图纸	1	1	1	0
1	死亡审判图纸	1	1	1	0
1	八卦连环图纸	1	1	1	0
1	灭世之魔眼图纸	1	1	1	0
1	天下神链图纸	1	1	1	0
2	=======头盔图纸=======	1	1	1	0
1	战神の帝图纸	1	1	1	0
1	远古恶梦图纸	1	1	1	0
1	神龙之威图纸	1	1	1	0
1	魔之天灾图纸	1	1	1	0
1	逆鳞图纸	1	1	1	0
1	九州・苍天图纸	1	1	1	0
1	盘龙魂图纸	1	1	1	0
1	星盔图纸	1	1	1	0
1	乾坤图纸	1	1	1	0
1	冰魄之盔图纸	1	1	1	0
1	冥龙・血盔图纸	1	1	1	0
1	月神之裁图纸	1	1	1	0
1	虚无・雷动图纸	1	1	1	0
1	红莲之炎图纸	1	1	1	0
1	提伯斯之怒图纸	1	1	1	0
1	天下神盔图纸	1	1	1	0
2	======手镯图纸=======	1	1	1	0
1	守护の神图纸	1	1	1	0
1	蝴蝶臂环图纸	1	1	1	0
1	狩猎之镯图纸	1	1	1	0
1	麒麟臂[1.2]图纸	1	1	1	0
1	古・镯图纸	1	1	1	0
1	致命之镯图纸	1	1	1	0
1	怨灵・血怒图纸	1	1	1	0
1	神镯・SSSSS图纸	1	1	1	0
1	原始・吸灵之镯图纸	1	1	1	0
1	天残の噬魂手图纸	1	1	1	0
1	寂寞如天图纸	1	1	1	0
1	魔音离魂・狂暴图纸	1	1	1	0
1	地狱・永生手图纸	1	1	1	0
1	玛法救赎图纸	1	1	1	0
1	承天极破图纸	1	1	1	0
1	天下神镯图纸	1	1	1	0
2	======戒指图纸=======	1	1	1	0
1	凤凰の飞图纸	1	1	1	0
1	诅咒の亡图纸	1	1	1	0
1	天地玄黄图纸	1	1	1	0
1	暴力指环图纸	1	1	1	0
1	天兽图纸	1	1	1	0
1	鬼泣图纸	1	1	1	0
1	冉・遗珠图纸	1	1	1	0
1	火神・指环图纸	1	1	1	0
1	魔・戒・SSSS图纸	1	1	1	0
1	幻月图纸	1	1	1	0
1	伏魔・九游戒图纸	1	1	1	0
1	血瞳图纸	1	1	1	0
1	万灵之戒图纸	1	1	1	0
1	轩墨魔戒图纸	1	1	1	0
1	至尊魔戒图纸	1	1	1	0
1	天下神指图纸	1	1	1	0
2	======腰带图纸=========	1	1	1	0
1	云飞の扬图纸	1	1	1	0
1	韩灵阴阳图纸	1	1	1	0
1	完美守护图纸	1	1	1	0
1	玉虚葫图纸	1	1	1	0
1	血染图纸	1	1	1	0
1	黄龙在天图纸	1	1	1	0
1	断・天图纸	1	1	1	0
1	寂灭[攻]图纸	1	1	1	0
1	焚毒之火图纸	1	1	1	0
1	冰晶之魂图纸	1	1	1	0
1	混天绫图纸	1	1	1	0
1	噬血灵魂图纸	1	1	1	0
1	悲伤之末图纸	1	1	1	0
1	救世守望带图纸	1	1	1	0
1	祭祖神魔图纸	1	1	1	0
1	天下神带图纸	1	1	1	0
2	=======靴子图纸=======	1	1	1	0
1	天下の幻图纸	1	1	1	0
1	天妖图纸	1	1	1	0
1	天殇英雄履图纸	1	1	1	0
1	冰河葬心靴图纸	1	1	1	0
1	碎空破晓图纸	1	1	1	0
1	骑士的荣耀图纸	1	1	1	0
1	国王的祝福图纸	1	1	1	0
1	血兽王靴图纸	1	1	1	0
1	烛天・封神靴图纸	1	1	1	0
1	咒天乾坤天罡履图纸	1	1	1	0
1	帝江・九耀靴图纸	1	1	1	0
1	永恒的冰封图纸	1	1	1	0
1	蚩尤魔靴图纸	1	1	1	0
1	孔雀翎图纸	1	1	1	0
1	阎王のSSSSS图纸	1	1	1	0
1	天下神靴图纸	1	1	1	0
2		1	1	1	0
2		1	1	1	0
2		1	1	1	0
2		1	1	1	0
2	=======武器=======	1	1	1	0
4	光之剑	1	1	1	0
4	蓝灵法杖	1	1	1	0
4	邪恶之剑	1	1	1	0
4	末日之斧	1	1	1	0
4	绿玉屠龙	1	1	1	0
4	绿玉裁决	1	1	1	0
4	退魔权杖	1	1	1	0
4	寒冰剑	1	1	1	0
4	幽灵の魔	1	1	1	0
4	毒龙之身	1	1	1	0
4	幽冥の鬼爪	1	1	1	0
4	倚天剑	1	1	1	0
4	假・破馆珍剑	1	1	1	0
4	破碎・破馆珍剑	1	1	1	0
4	破馆珍剑	1	1	1	0
4	真・破馆珍剑	1	1	1	0
4	赤血魔剑	1	1	1	0
4	小红剑	1	1	1	0
4	魅影之刃	1	1	1	0
4	真・倚天剑	1	1	1	0
4	真・魅影之刃	1	1	1	0
4	轩辕剑	1	1	1	0
4	天下神剑	1	1	1	0
2	=======衣服=======	1	1	1	0
1	骑士战袍	1	1	1	0
1	猩猩战甲	1	1	1	0
1	幽冥の	1	1	1	0
1	钢铁之铠	1	1	1	0
1	天地の防	1	1	1	0
1	天使龙翼	1	1	1	0
1	仙の摩罗神甲	1	1	1	0
1	仙の寒冰守护	1	1	1	0
1	髡h神甲	1	1	1	0
1	绝对防御	1	1	1	0
1	堕落・诅咒之翼	1	1	1	0
1	甲	1	1	1	0
1	血腥の战甲	1	1	1	0
1	魅影神甲	1	1	1	0
1	真・魅影神甲	1	1	1	0
1	倚天战甲	1	1	1	0
1	真・倚天战甲	1	1	1	0
1	天下神铠	1	1	1	0
2	=======项链=======	1	1	1	0
5	精灵の翔	1	1	1	0
5	神之项链	1	1	1	0
5	苍龙霸泣	1	1	1	0
5	开天の链	1	1	1	0
5	强者之魂	1	1	1	0
5	通天・王链	1	1	1	0
5	天地造化链	1	1	1	0
5	幸运之链	1	1	1	0
5	神力之链	1	1	1	0
5	致命之链	1	1	1	0
5	炼狱裁断	1	1	1	0
5	血之链	1	1	1	0
5	死亡审判	1	1	1	0
5	八卦连环	1	1	1	0
5	灭世之魔眼	1	1	1	0
5	天下神链	1	1	1	0
2	=======头盔=======	1	1	1	0
5	战神の帝	1	1	1	0
5	远古恶梦	1	1	1	0
5	神龙之威	1	1	1	0
5	魔之天灾	1	1	1	0
5	逆・鳞	1	1	1	0
5	九州・苍天	1	1	1	0
5	盘龙魂	1	1	1	0
5	星盔	1	1	1	0
5	乾坤	1	1	1	0
5	冰魄之盔	1	1	1	0
5	冥龙・血盔	1	1	1	0
5	月神之裁	1	1	1	0
5	虚无・雷动	1	1	1	0
5	红莲之炎	1	1	1	0
5	提伯斯之怒	1	1	1	0
5	天下神盔	1	1	1	0
2	=======手镯=======	1	1	1	0
5	守护の神	1	1	1	0
5	蝴蝶臂环	1	1	1	0
5	狩猎之镯	1	1	1	0
5	麒麟臂[1.2]	1	1	1	0
5	古・镯	1	1	1	0
5	致命之镯	1	1	1	0
5	怨灵・血怒	1	1	1	0
5	神镯・SSSSS	1	1	1	0
5	原始・吸灵之镯	1	1	1	0
5	天残の噬魂手	1	1	1	0
5	寂寞如天	1	1	1	0
5	魔音离魂・狂暴	1	1	1	0
5	地狱・永生手	1	1	1	0
5	玛法救赎	1	1	1	0
5	承天极破	1	1	1	0
5	天下神镯	1	1	1	0
2	=======戒指=======	1	1	1	0
5	凤凰の飞	1	1	1	0
5	诅咒の亡	1	1	1	0
5	天地玄黄	1	1	1	0
5	暴力指环	1	1	1	0
5	天兽	1	1	1	0
5	鬼泣	1	1	1	0
5	冉・遗珠	1	1	1	0
5	火神・指环	1	1	1	0
5	魔・戒・SSSS	1	1	1	0
5	幻月	1	1	1	0
5	伏魔・九游戒	1	1	1	0
5	血瞳	1	1	1	0
5	万灵之戒	1	1	1	0
5	轩墨魔戒	1	1	1	0
5	至尊魔戒	1	1	1	0
5	天下神指	1	1	1	0
2	=======腰带=======	1	1	1	0
7	云飞の扬	1	1	1	0
7	韩灵阴阳	1	1	1	0
7	完美守护	1	1	1	0
7	玉虚葫	1	1	1	0
7	血染	1	1	1	0
7	黄龙在天	1	1	1	0
7	断・天	1	1	1	0
7	寂灭[攻]	1	1	1	0
7	焚毒之火	1	1	1	0
7	冰晶之魂	1	1	1	0
7	混天绫	1	1	1	0
7	噬血灵魂	1	1	1	0
7	悲伤之末	1	1	1	0
7	救世守望带	1	1	1	0
7	祭祖神魔	1	1	1	0
7	天下神带	1	1	1	0
2	=======靴子=======	1	1	1	0
7	天下の幻	1	1	1	0
7	天妖	1	1	1	0
7	天殇英雄履	1	1	1	0
7	冰河葬心靴	1	1	1	0
7	碎空破晓	1	1	1	0
7	骑士的荣耀	1	1	1	0
7	国王的祝福	1	1	1	0
7	血兽王靴	1	1	1	0
7	烛天・封神靴	1	1	1	0
7	咒天乾坤天罡履	1	1	1	0
7	帝江・九耀靴	1	1	1	0
7	永恒的冰封	1	1	1	0
7	蚩尤魔靴	1	1	1	0
7	孔雀翎	1	1	1	0
7	阎王のSSSSS	1	1	1	0
7	天下神靴	1	1	1	0
2		1	1	1	0
2		1	1	1	0
2		1	1	1	0
2		1	1	1	0
2		1	1	1	0
2		1	1	1	0
2		1	1	1	0
2		1	1	1	0
2		1	1	1	0
2		1	1	1	0
2		1	1	1	0
2		1	1	1	0
2		1	1	1	0
2		1	1	1	0
2		1	1	1	0
2		1	1	1	0
2		1	1	1	0
2		1	1	1	0
2		1	1	1	0
2		1	1	1	0
2		1	1	1	0
2		1	1	1	0
2		1	1	1	0
2		1	1	1	0
2		1	1	1	0
2		1	1	1	0
2		1	1	1	0
2		1	1	1	0
2		1	1	1	0
2		1	1	1	0
2		1	1	1	0
2	=======神器=======	1	1	1	0
1	聚宝盆[西游神器]	1	1	1	0
6	观世音面纱[西游神器]	1	1	1	0
1	金刚伏魔盾[西游神器]	1	1	1	0
5	羽扇纶巾[三国神器]	1	1	1	0
7	过五关斩六将[三国神器]	1	1	1	0
7	挟天子以令诸侯[三国神器]	1	1	1	0
5	一骑当千[三国神器]	1	1	1	0
5	金龙玉凤[帝王神器]	1	1	1	0
5	励精图治[帝王神器]	1	1	1	0
5	九重天子[帝王神器]	1	1	1	0
5	南征北战[帝王神器]	1	1	1	0
7	乾坤大挪移[金庸神器]	1	1	1	0
7	凌波微步[金庸神器]	1	1	1	0
1	黯然销魂掌[金庸神器]	1	1	1	0
1	天山折梅手[金庸神器]	1	1	1	0
7	雅典娜的召唤[圣斗士神器]	1	1	1	0
7	曙光女神之宽恕[圣斗士神器]	1	1	1	0
1	修罗圣剑[圣斗士神器]	1	1	1	0
1	星红旋风[圣斗士神器]	1	1	1	0
5	雪夜上梁山[水浒神器]	1	1	1	0
5	智取生辰纲[水浒神器]	1	1	1	0
1	血溅鸳鸯楼[水浒神器]	1	1	1	0
1	拳打镇关西[水浒神器]	1	1	1	0
7	伏龙鼎[诛仙神器]	1	1	1	0
6	摄魂[诛仙神器]	1	1	1	0
1	大悲金轮[诛仙神器]	1	1	1	0
1	玄火鉴[诛仙神器]	1	1	1	0
1	量天尺[诛仙神器]	1	1	1	0
5	暴君之怒[暗黑神器]	1	1	1	0
5	不死皇冠[暗黑神器]	1	1	1	0
5	吸魂者[暗黑神器]	1	1	1	0
5	乔丹之石[暗黑神器]	1	1	1	0
1	天堂的信徒[暗黑神器]	1	1	1	0
1	地狱的伪装[暗黑神器]	1	1	1	0
6	盘古幡[上古神器]	1	1	1	0
7	补天石[上古神器]	1	1	1	0
1	东皇钟[上古神器]	1	1	1	0
7	昆仑镜[上古神器]	1	1	1	0
7	先天五行旗[上古神器]	1	1	1	0
7	追日靴[上古神器]	1	1	1	0
5	封天印[上古神器]	1	1	1	0
5	崆峒印[上古神器]	1	1	1	0
4	轩辕剑[上古神器]	1	1	1	0
1	太极图[上古神器]	1	1	1	0
1	玲珑塔[上古神器]	1	1	1	0
1	昊天塔[上古神器]	1	1	1	0
2		1	1	1	0
2		1	1	1	0
2		1	1	1	0
2		1	1	1	0
2		1	1	1	0
2		1	1	1	0
2		1	1	1	0
2		1	1	1	0
2		1	1	1	0
2		1	1	1	0
2		1	1	1	0
2		1	1	1	0
2		1	1	1	0
2		1	1	1	0
2		1	1	1	0
2		1	1	1	0
2	=====十二生肖1级======	1	1	1	0
1	金之力	1	1	1	0
1	木之力	1	1	1	0
1	水之力	1	1	1	0
1	火之力	1	1	1	0
1	土之力	1	1	1	0
1	光之力	1	1	1	0
1	暗之力	1	1	1	0
1	雷之力	1	1	1	0
1	风之力	1	1	1	0
1	冰之力	1	1	1	0
1	时之力	1	1	1	0
1	空之力	1	1	1	0
2	=====十二生肖2级======	1	1	1	0
1	天	1	1	1	0
1	地	1	1	1	0
1	玄	1	1	1	0
1	黄	1	1	1	0
1	宇	1	1	1	0
1	宙	1	1	1	0
1	洪	1	1	1	0
1	荒	1	1	1	0
1	日	1	1	1	0
1	月	1	1	1	0
1	星	1	1	1	0
1	辰	1	1	1	0
2	=====十二生肖3级======	1	1	1	0
1	巫・帝江	1	1	1	0
1	巫・句芒	1	1	1	0
1	巫・祝融	1	1	1	0
1	巫・蓐收	1	1	1	0
1	巫・共工	1	1	1	0
1	巫・玄冥	1	1	1	0
1	巫・后土	1	1	1	0
1	巫・强良	1	1	1	0
1	巫・天吴	1	1	1	0
1	巫・翕兹	1	1	1	0
1	巫・烛九阴	1	1	1	0
1	巫・奢比尸	1	1	1	0
2	=====十二生肖4级======	1	1	1	0
1	浮生天云落	1	1	1	0
1	苍雷潜龙殇	1	1	1	0
1	天霜雪凋零	1	1	1	0
1	破灭极炙焰	1	1	1	0
1	皇道龙魂气	1	1	1	0
1	紫火鎏璃莹	1	1	1	0
1	武之禅碎骨	1	1	1	0
1	灵天剑指流	1	1	1	0
1	镇魔藏忘忧	1	1	1	0
1	沧澜儒驭风	1	1	1	0
1	汲空神武斗	1	1	1	0
1	邪殇溟伏都	1	1	1	0
2		1	1	1	0
2		1	1	1	0
2		1	1	1	0
2		1	1	1	0
2	-----------------------	1	1	1	0
1	暴击伤害+5%	1	1	1	0
1	暴击伤害+10%	1	1	1	0
1	暴击伤害+15%	1	1	1	0
1	暴击伤害+20%	1	1	1	0
1	暴击伤害+25%	1	1	1	0
1	吸血+1%	1	1	1	0
1	吸血+2%	1	1	1	0
1	吸血+3%	1	1	1	0
1	吸血+4%	1	1	1	0
1	吸血+5%	1	1	1	0
1	对怪伤害+2%	1	1	1	0
1	对怪伤害+4%	1	1	1	0
1	对怪伤害+6%	1	1	1	0
1	对怪伤害+8%	1	1	1	0
1	对怪伤害+10%	1	1	1	0
1	第一刀斩杀怪物2%HP	1	1	1	0
1	第一刀斩杀怪物4%HP	1	1	1	0
1	第一刀斩杀怪物6%HP	1	1	1	0
1	第一刀斩杀怪物8%HP	1	1	1	0
1	第一刀斩杀怪物10%HP	1	1	1	0
1	2%麻痹人物2秒	1	1	1	0
1	2%冰冻人物2秒	1	1	1	0
2	-------------------------	1	1	1	0
1	永久吸收+1%	1	1	1	0
1	永久吸收+2%	1	1	1	0
1	永久吸收+3%	1	1	1	0
1	永久吸收+4%	1	1	1	0
1	永久吸收+5%	1	1	1	0
1	体力魔力+3%	1	1	1	0
1	体力魔力+6%	1	1	1	0
1	体力魔力+9%	1	1	1	0
1	体力魔力+12%	1	1	1	0
1	体力魔力+15%	1	1	1	0
1	伤害反弹+3%	1	1	1	0
1	伤害反弹+6%	1	1	1	0
1	伤害反弹+9%	1	1	1	0
1	伤害反弹+12%	1	1	1	0
1	伤害反弹+15%	1	1	1	0
1	杀人爆率+2%	1	1	1	0
1	杀人爆率+4%	1	1	1	0
1	杀人爆率+6%	1	1	1	0
1	杀人爆率+8%	1	1	1	0
1	杀人爆率+10%	1	1	1	0
1	防麻痹	1	1	1	0
1	防冰冻	1	1	1	0
2	---------------------	1	1	1	0
1	爆率+5%	1	1	1	0
1	爆率+10%	1	1	1	0
1	爆率+15%	1	1	1	0
1	爆率+20%	1	1	1	0
1	爆率+25%	1	1	1	0
1	对怪伤害+1%	1	1	1	0
1	对怪伤害+2%	1	1	1	0
1	对怪伤害+3%	1	1	1	0
1	对怪伤害+4%	1	1	1	0
1	对怪伤害+5%	1	1	1	0
1	道术切割+1%	1	1	1	0
1	道术切割+2%	1	1	1	0
1	道术切割+3%	1	1	1	0
1	道术切割+4%	1	1	1	0
1	道术切割+5%	1	1	1	0
1	魔法切割+1%	1	1	1	0
1	魔法切割+2%	1	1	1	0
1	魔法切割+3%	1	1	1	0
1	魔法切割+4%	1	1	1	0
1	魔法切割+5%	1	1	1	0
1	5%概率蛛网2秒	1	1	1	0
1	5%概率致盲2秒	1	1	1	0
1	5%概率隐身1秒	1	1	1	0
1	5%概率缴械敌人身上一件装备	1	1	1	0
1	5%概率禁锢人物2秒	1	1	1	0
1		1	1	1	0
1		1	1	1	0
1		1	1	1	0
1	至尊会员	1	1	1	0
1	狂暴	1	1	1	0
1	第一名	1	1	1	0
1	第二名	1	1	1	0
1	第三名	1	1	1	0
1	沙城捐献	1	1	1	0
1	天下骨灰玩家	1	1	1	0
1	天下杀戮[时装]	1	1	1	0
2	=====2020.11.11专属装备=======	1	1	1	0
5	红烧狮子头	1	1	1	0
1	三味真火	1	1	1	0
1	百变妖姬	1	1	1	0
5	第三只眼	1	1	1	0
5	大力牛魔拳	1	1	1	0
7	长庚锻金丹	1	1	1	0
7	三头六臂	1	1	1	0
4	快请如来佛	1	1	1	0
7	斜月三星	1	1	1	0
4	金箍棒	1	1	1	0
4	月牙铲	1	1	1	0
4	九齿钉耙	1	1	1	0
4	西游・定海神针	1	1	1	0
7	净瓶杨柳	1	1	1	0
6	灵骨舍利	1	1	1	0
2	材料------------------	1	1	1	0
1	火眼金睛	1	1	1	0
1	丈二金身	1	1	1	0
1	玉龙三太子	1	1	1	0
1	牛魔披风	1	1	1	0
1	海刺银胆	1	1	1	0
5	蛛王戒	1	1	1	0
7	鼠王巫觋	1	1	1	0
2	------------------	1	1	1	0
1	紫金红葫芦	1	1	1	0
5	羊脂玉净瓶	1	1	1	0
1	锦蓝袈裟	1	1	1	0
1	定风珠	1	1	1	0
2	------------------	1	1	1	0
4	赤胆忠心	1	1	1	0
1	古之恶来	1	1	1	0
7	鞠躬尽瘁	1	1	1	0
1	常胜将军	1	1	1	0
1	三姓家奴	1	1	1	0
5	人中赤兔	1	1	1	0
1	欢乐肥宅	1	1	1	0
2	------------------	1	1	1	0
1	曹操卷轴	1	1	1	0
4	英年早逝	1	1	1	0
5	有借无还	1	1	1	0
1	人强货硬	1	1	1	0
7	天妒英才	1	1	1	0
5	公瑾糜烂	1	1	1	0
1	虎痴许褚	1	1	1	0
5	勇者得前	1	1	1	0
1	老而弥坚称号	1	1	1	0
2	------------------	1	1	1	0
7	超人一等	1	1	1	0
4	桀骜不驯	1	1	1	0
7	沉鱼落雁	1	1	1	0
7	闭月羞花	1	1	1	0
6	张角巾	1	1	1	0
5	太清丹经	1	1	1	0
2	------------------	1	1	1	0
5	无名火	1	1	1	0
5	援军令	1	1	1	0
5	虎痴	1	1	1	0
1	九节杖	1	1	1	0
1	张凌剑	1	1	1	0
1	招安状	1	1	1	0
2	------------------	1	1	1	0
4	一统天下	1	1	1	0
7	雄才伟略	1	1	1	0
5	建武盛世	1	1	1	0
1	无德有功卷轴	1	1	1	0
1	贞观之治	1	1	1	0
4	政通人和	1	1	1	0
2	------------------	1	1	1	0
4	英武圣文	1	1	1	0
1	人不知兵	1	1	1	0
5	屈辱求和	1	1	1	0
7	弯弓射雕	1	1	1	0
1	千年之志	1	1	1	0
1	英明神武	1	1	1	0
2	------------------	1	1	1	0
7	建文新政	1	1	1	0
1	靖难之役	1	1	1	0
7	均田免粮	1	1	1	0
5	统一女真	1	1	1	0
5	建立大清	1	1	1	0
1	乾纲独断	1	1	1	0
1	平定三藩	1	1	1	0
7	朝乾夕惕	1	1	1	0
2	------------------	1	1	1	0
6	三下江南	1	1	1	0
1	和申跌倒	1	1	1	0
1	祸国殃民	1	1	1	0
7	人称大头	1	1	1	0
5	苟且偷生	1	1	1	0
1	天下为公	1	1	1	0
2	第四大陆-----金庸-------------	1	1	1	0
1	蛤蟆功	1	1	1	0
7	先天功	1	1	1	0
1	弹指神通	1	1	1	0
5	降龙十八掌	1	1	1	0
7	九阴真经	1	1	1	0
1	双手互搏	1	1	1	0
5	武穆遗书	1	1	1	0
5	铁掌水上漂	1	1	1	0
2	-------------------	1	1	1	0
4	打狗棒	1	1	1	0
7	九阴白骨爪	1	1	1	0
1	嘴强王者	1	1	1	0
1	藏书万卷	1	1	1	0
5	北冥神功	1	1	1	0
5	凌波微步	1	1	1	0
1	八荒六合唯我独尊功	1	1	1	0
2	-------------------------	1	1	1	0
5	化功大法	1	1	1	0
5	生死符	1	1	1	0
5	擒龙功	1	1	1	0
5	六脉神剑	1	1	1	0
1	百科全书	1	1	1	0
4	神木王鼎	1	1	1	0
1	斗转星移	1	1	1	0
7	大众情人	1	1	1	0
2	=------------------------	1	1	1	0
5	妻妾成群	1	1	1	0
4	恶贯满盈	1	1	1	0
4	独孤九剑	1	1	1	0
1	凶神恶煞	1	1	1	0
1	穷凶极恶	1	1	1	0
1	无恶不做	1	1	1	0
7	魔教妖女	1	1	1	0
6	寒冰神掌	1	1	1	0
1	吸星大法	1	1	1	0
7	葵花宝典	1	1	1	0
2	-----------圣斗士-----------	1	1	1	0
4	天马流星拳	1	1	1	0
6	庐山升龙霸	1	1	1	0
1	钻石星尘拳	1	1	1	0
1	星云风暴卷轴	1	1	1	0
5	凤凰幻魔拳	1	1	1	0
5	魔铃之戒	1	1	1	0
1	蛇夫座	1	1	1	0
2	------------------------	1	1	1	0
7	美斯迪之玉	1	1	1	0
6	魔西斯面纱	1	1	1	0
5	亚迪里安的吊坠	1	1	1	0
1	巴比伦之血	1	1	1	0
1	亚鲁歌路之血	1	1	1	0
1	乌鸦基米安	1	1	1	0
1	万贯家财	1	1	1	0
2	----------------------	1	1	1	0
1	地狱犬	1	1	1	0
1	仙皇之座	1	1	1	0
7	穆之石	1	1	1	0
5	亚鲁迪巴之戒	1	1	1	0
5	双子之镯	1	1	1	0
5	巨蟹之盔	1	1	1	0
1	狮子之翼	1	1	1	0
1	处女之锤	1	1	1	0
2	-----------------	1	1	1	0
4	天秤之镰	1	1	1	0
4	天蝎权杖	1	1	1	0
1	射手座称号	1	1	1	0
1	山羊・修罗	1	1	1	0
1	水瓶天平	1	1	1	0
1	双鱼剑魂	1	1	1	0
2	-------暗黑异世界-------------	1	1	1	0
4	末日毁灭者	1	1	1	0
1	扩散黑暗	1	1	1	0
5	炽天使之韵	1	1	1	0
5	安达利尔的面貌	1	1	1	0
5	霜燃	1	1	1	0
5	腐肉之风	1	1	1	0
7	吸血圣王之圈	1	1	1	0
7	骨髓行走	1	1	1	0
7	毁灭	1	1	1	0
1	魂系结果	1	1	1	0
7	格利风之眼	1	1	1	0
6	夜翼面纱	1	1	1	0
5	巨骷髅	1	1	1	0
5	玛哈姆橡木古董	1	1	1	0
5	卓古拉之握	1	1	1	0
5	鬼火投射者	1	1	1	0
7	剃刀之尾	1	1	1	0
7	泪之臀	1	1	1	0
1	萨德[Zod]	1	1	1	0
1	查姆[Cham]	1	1	1	0
1	古尔[Gul]	1	1	1	0
1	那夫[Nef]	1	1	1	0
1	乔[Jah]	1	1	1	0
1	贝[Ber]	1	1	1	0
1	瑟[Sur]	1	1	1	0
1	罗[Lo]	1	1	1	0
2	-------水浒-----------	1	1	1	0
1	小李广木牌	1	1	1	0
5	智多星链	1	1	1	0
5	铁扇子	1	1	1	0
5	黑旋风	1	1	1	0
1	呼保义指环[限]	1	1	1	0
6	玉麒麟面巾	1	1	1	0
1	轰天雷	1	1	1	0
1	小遮拦羞羞	1	1	1	0
2	------------------	1	1	1	0
4	魔王之刃	1	1	1	0
7	军师卡牌	1	1	1	0
2	神算子占卜	1	1	1	0
1	锦豹子披风	1	1	1	0
1	铁面孔目之刃	1	1	1	0
1	一枝花盾牌	1	1	1	0
2	梦幻独角龙	1	1	1	0
2	------------------	1	1	1	0
4	母大虫魔剑	1	1	1	0
4	小尉迟之刃	1	1	1	0
4	病尉迟圣剑	1	1	1	0
4	镇三山神者	1	1	1	0
4	美髯公裁决	1	1	1	0
4	双鞭	1	1	1	0
4	大刀	1	1	1	0
4	鬼脸儿	1	1	1	0
2	------------------	1	1	1	0
1	扑天雕之铠	1	1	1	0
1	小旋风战甲	1	1	1	0
1	活阎王魔铠	1	1	1	0
1	神行太保魇铠	1	1	1	0
1	翻江蜃披风	1	1	1	0
1	出洞蛟板甲	1	1	1	0
1	混江龙魔甲	1	1	1	0
1	浪子皮肤	1	1	1	0
1	鼓上蚤战甲	1	1	1	0
2	--------诛仙----------	1	1	1	0
5	合欢铃	1	1	1	0
5	苏茹魔戒	1	1	1	0
2	叔常的召唤	1	1	1	0
1	灵儿铠甲	1	1	1	0
4	斩龙剑	1	1	1	0
1	苍松道人的堕落	1	1	1	0
1	陆雪琪的清冷	1	1	1	0
2	------------------	1	1	1	0
4	诛仙剑	1	1	1	0
5	田不易之链	1	1	1	0
5	水月禁言术	1	1	1	0
7	林惊羽的才华	1	1	1	0
7	曾书书之宠	1	1	1	0
5	李洵之戒	1	1	1	0
2	------------------	1	1	1	0
5	谷主神秘盔	1	1	1	0
5	玄火吊坠	1	1	1	0
5	天音寺手链	1	1	1	0
7	朱雀・腰带	1	1	1	0
7	青龙・战靴	1	1	1	0
6	日行一骗	1	1	1	0
1	万毒归宗	1	1	1	0
2	------------------	1	1	1	0
1	神秘莫测	1	1	1	0
1	心机深沉	1	1	1	0
1	痛不欲生	1	1	1	0
1	伤心欲绝	1	1	1	0
2	---------上古神话---------	1	1	1	0
5	邪恶的源泉	1	1	1	0
5	邪恶的延伸	1	1	1	0
5	哈迪斯之怒	1	1	1	0
5	雅典娜的邪恶	1	1	1	0
7	德墨忒尔的生机	1	1	1	0
7	月光女神的彩靴	1	1	1	0
7	女神的祝福	1	1	1	0
7	阿波罗的愤怒	1	1	1	0
2	------------------	1	1	1	0
1	鸿钧的傲慢	1	1	1	0
1	盘古的虚饰	1	1	1	0
1	女娲的易怒	1	1	1	0
1	道德的忧郁	1	1	1	0
1	灵宝的怠惰	1	1	1	0
1	元始的贪婪	1	1	1	0
1	大禹的暴食	1	1	1	0
1	后羿的色欲	1	1	1	0
2	------------------	1	1	1	0
6	月光祝福	1	1	1	0
1	太阳神的葬礼	1	1	1	0
7	山海经	1	1	1	0
5	战神指环	1	1	1	0
5	蚩尤神坠	1	1	1	0
7	三十三世靴	1	1	1	0
7	世祖神腰	1	1	1	0
5	帝喾神盔	1	1	1	0
2	---------合成装备---------	1	1	1	0
4	七星北斗剑	1	1	1	0
4	魔剑	1	1	1	0
4	镇妖剑	1	1	1	0
4	至尊魔剑[封印]	1	1	1	0
1	镇域战甲	1	1	1	0
1	圣斗士血脉	1	1	1	0
4	深渊魔剑[技能]	1	1	1	0
1	魔铠[防]	1	1	1	0
2	图纸称号----------------	1	1	1	0
1	曹操出行	1	1	1	0
1	老而弥坚	1	1	1	0
1	无德有功	1	1	1	0
1	星云风暴	1	1	1	0
1	射手座	1	1	1	0
1	三星	1	1	1	0
1	六星	1	1	1	0
1	九星	1	1	1	0
1	十二星	1	1	1	0
1	神之本源	1	1	1	0
1	天使1[时装]	1	1	1	0
1	天使2[时装]	1	1	1	0
1	天使3[时装]	1	1	1	0
1	天使4[时装]	1	1	1	0
1	天使5[时装]	1	1	1	0
1	天使6[时装]	1	1	1	0
1	天使7[时装]	1	1	1	0
1	天使8[时装]	1	1	1	0
1	天使9[时装]	1	1	1	0
1	天使10[时装]	1	1	1	0
1	天使11[时装]	1	1	1	0
1	天使12[时装]	1	1	1	0
1	西游之力①	1	1	1	0
1	西游之力②	1	1	1	0
1	西游之力③	1	1	1	0
1	西游之力④	1	1	1	0
1	西游之力⑤	1	1	1	0
1	西游之力⑥	1	1	1	0
1	西游之力⑦	1	1	1	0
1	西游之力⑧	1	1	1	0
1	西游之力⑨	1	1	1	0
1	西游之力⑩	1	1	1	0
1	三国之力①	1	1	1	0
1	三国之力②	1	1	1	0
1	三国之力③	1	1	1	0
1	三国之力④	1	1	1	0
1	三国之力⑤	1	1	1	0
1	三国之力⑥	1	1	1	0
1	三国之力⑦	1	1	1	0
1	三国之力⑧	1	1	1	0
1	三国之力⑨	1	1	1	0
1	三国之力⑩	1	1	1	0
1	帝王之力①	1	1	1	0
1	帝王之力②	1	1	1	0
1	帝王之力③	1	1	1	0
1	帝王之力④	1	1	1	0
1	帝王之力⑤	1	1	1	0
1	帝王之力⑥	1	1	1	0
1	帝王之力⑦	1	1	1	0
1	帝王之力⑧	1	1	1	0
1	帝王之力⑨	1	1	1	0
1	帝王之力⑩	1	1	1	0
1	金庸之力①	1	1	1	0
1	金庸之力②	1	1	1	0
1	金庸之力③	1	1	1	0
1	金庸之力④	1	1	1	0
1	金庸之力⑤	1	1	1	0
1	金庸之力⑥	1	1	1	0
1	金庸之力⑦	1	1	1	0
1	金庸之力⑧	1	1	1	0
1	金庸之力⑨	1	1	1	0
1	金庸之力⑩	1	1	1	0
1	圣斗士之力①	1	1	1	0
1	圣斗士之力②	1	1	1	0
1	圣斗士之力③	1	1	1	0
1	圣斗士之力④	1	1	1	0
1	圣斗士之力⑤	1	1	1	0
1	圣斗士之力⑥	1	1	1	0
1	圣斗士之力⑦	1	1	1	0
1	圣斗士之力⑧	1	1	1	0
1	圣斗士之力⑨	1	1	1	0
1	圣斗士之力⑩	1	1	1	0
1	水浒之力①	1	1	1	0
1	水浒之力②	1	1	1	0
1	水浒之力③	1	1	1	0
1	水浒之力④	1	1	1	0
1	水浒之力⑤	1	1	1	0
1	水浒之力⑥	1	1	1	0
1	水浒之力⑦	1	1	1	0
1	水浒之力⑧	1	1	1	0
1	水浒之力⑨	1	1	1	0
1	水浒之力⑩	1	1	1	0
1	诛仙之力①	1	1	1	0
1	诛仙之力②	1	1	1	0
1	诛仙之力③	1	1	1	0
1	诛仙之力④	1	1	1	0
1	诛仙之力⑤	1	1	1	0
1	诛仙之力⑥	1	1	1	0
1	诛仙之力⑦	1	1	1	0
1	诛仙之力⑧	1	1	1	0
1	诛仙之力⑨	1	1	1	0
1	诛仙之力⑩	1	1	1	0
1	暗黑之力①	1	1	1	0
1	暗黑之力②	1	1	1	0
1	暗黑之力③	1	1	1	0
1	暗黑之力④	1	1	1	0
1	暗黑之力⑤	1	1	1	0
1	暗黑之力⑥	1	1	1	0
1	暗黑之力⑦	1	1	1	0
1	暗黑之力⑧	1	1	1	0
1	暗黑之力⑨	1	1	1	0
1	暗黑之力⑩	1	1	1	0
1	神域之力①	1	1	1	0
1	神域之力②	1	1	1	0
1	神域之力③	1	1	1	0
1	神域之力④	1	1	1	0
1	神域之力⑤	1	1	1	0
1	神域之力⑥	1	1	1	0
1	神域之力⑦	1	1	1	0
1	神域之力⑧	1	1	1	0
1	神域之力⑨	1	1	1	0
1	神域之力⑩	1	1	1	0
1	破界の无边	1	1	1	0
1	至高の荣耀	1	1	1	0
1	永生の不灭	1	1	1	0
1	神之の庇护	1	1	1	0
1	冰霜の之心	1	1	1	0
1	禁忌の之王	1	1	1	0
1	统黏沃魂	1	1	1	0
1	身份の象征	1	1	1	0
1	不死の之身	1	1	1	0
1	o长沃力	1	1	1	0
1	金币	1	1	1	0
