;地图名称     坐标X        坐标Y      怪物名字      范围      数量       时间      集中刷新坐标机率     名字颜色(0~255)  触发QFunction-0.txt

;世界boss--------------------------
西游挑战 31 41 真・如来 5 1 360 0 249 @真・如来刷触发
三国挑战 31 41 真・罗贯中  1 1 360 0 249 @真・罗贯中刷触发
帝王挑战 31 41 真・帝王 1 1 360 0 249 @真・帝王刷触发
金庸挑战 31 41 真・金庸  1 1 360 0 249 @真・金庸刷触发
圣斗士挑战 31 41 真・圣斗士   1 1 360 0 249 @真・圣斗士刷触发
水浒挑战 31 41 真・施耐庵  1 1 360 0 249 @真・施耐庵刷触发
诛仙挑战 31 41 真・萧鼎  1 1 360 0 249 @真・萧鼎刷触发
西游神之地 33 49 神・如来 50 1 120 0 249
西游魔之地 31 36 魔・如来 1 1 120 0 249
三国神之地 33 49 神・罗贯中 50 1 120 0 249
三国魔之地 31 36 魔・罗贯中 1 1 120 0 249
帝王神之地 33 49 神・帝王 50 1 120 0 249
帝王魔之地 31 36 魔・帝王 1 1 120 0 249
金庸神之地 33 49 神・金庸 50 1 120 0 249
金庸魔之地 31 36 魔・金庸 1 1 120 0 249
圣斗士神之地 33 49 神・圣斗士 50 1 120 0 249
圣斗士魔之地 31 36 魔・圣斗士 1 1 120 0 249
水浒神之地 33 49 神・施耐庵 50 1 120 0 249
水浒魔之地 31 36 魔・施耐庵 1 1 120 0 249
诛仙神之地 33 49 神・萧鼎 50 1 120 0 249
诛仙魔之地 31 36 魔・萧鼎 1 1 120 0 249
暗黑神之地 33 49 神・暗黑破坏 50 1 120 0 249
暗黑魔之地 31 36 魔・暗黑破坏 1 1 120 0 249
神之领域神之地 33 49 古・神 50 1 120 0 249
神之领域魔之地 31 36 古・魔 1 1 120 0 249



;一大陆
西游异世界 69 75 牛头 120 15 5 0 250
西游异世界 69 75 马面 120 15 5 0 250
西游异世界 69 75 虾兵 120 15 5 0 250
西游异世界 69 75 蟹将 120 15 5 0 250
西游异世界 69 75 小喽 120 15 5 0 250
西游异世界 69 75 天兵 120 15 5 0 250
西游异世界 69 75 天将 120 15 5 0 250
西游异世界 69 75 九灵元圣 120 10 12 0 146
西游异世界 69 75 红孩儿  120 10 12 0 146
西游异世界 69 75 白骨精 120 10 12 0 146
西游异世界 69 75 二郎真君 120 10 12 0 146
西游异世界 69 75 牛魔王 120 10 12 0 146
西游异世界 69 75 太上老君 120 10 12 0 146
西游异世界 69 75 哪吒三太子 120 10 12 0 146
西游异世界 69 75 玉皇大帝 120 10 12 0 146
西游异世界 69 75 菩提祖师 120 10 12 0 146
西游异世界 69 75 孙悟空 120 10 12 0 146
西游异世界 69 75 沙悟净 120 10 12 0 146
西游异世界 69 75 猪八戒 120 10 12 0 146
西游异世界 69 75 观世音菩萨 120 10 12 0 146
西游异世界 69 75 大唐圣僧 120 10 12 0 146

师徒之地 63 101 小喽 80 50 5 0 250
师徒之地 63 101 孙悟空 80 20 15 0 146
师徒之地 63 101 沙悟净 80 20 15 0 146
师徒之地 63 101 猪八戒 80 20 15 0 146
师徒之地 63 101 齐天大圣 80 10 15 0 180
师徒之地 63 101 卷帘大将 80 10 15 0 180
师徒之地 63 101 大唐圣僧 80 10 15 0 180

平顶山 35 53 牛头 45 20 5 0 250
平顶山 35 53 马面 45 20 5 0 250
平顶山 35 53 太上老君 45 10 15 0 146
平顶山 35 53 哪吒三太子 45 10 15 0 146
平顶山 35 53 大唐圣僧 45 10 15 0 146
平顶山 35 53 玉皇大帝 45 10 15 0 146

焰空山 55 48 牛头 50 20 5 0 250
焰空山 55 48 马面 50 20 5 0 250
焰空山 55 48 太上老君 50 10 15 0 146
焰空山 55 48 哪吒三太子 50 10 15 0 146
焰空山 55 48 大唐圣僧 50 10 15 0 146
焰空山 55 48 白龙马 50 10 15 0 146
焰空山 55 48 玉皇大帝 50 10 15 0 146

火焰山 65 65 牛头 65 20 5 0 250
火焰山 65 65 马面 65 20 5 0 250
火焰山 65 65 太上老君 65 10 15 0 146
火焰山 65 65 哪吒三太子 65 10 15 0 146
火焰山 65 65 大唐圣僧 65 10 15 0 146
火焰山 65 65 白龙马 65 8 15 0 180
火焰山 65 65 玉皇大帝 50 10 15 0 146

盘丝岭 41 41 牛头 41 20 5 0 250
盘丝岭 41 41 马面 41 20 5 0 250
盘丝岭 41 41 太上老君 41 10 15 0 146
盘丝岭 41 41 哪吒三太子 41 10 15 0 146
盘丝岭 41 41 大唐圣僧 41 10 15 0 146
盘丝岭 41 41 白龙马 41 8 15 0 180
盘丝岭 41 41 玉皇大帝 41 10 15 0 146
盘丝岭 41 41 金角王 41 8 30 0 5

狮驼岭 21 25 太上老君 21 8 15 0 146
狮驼岭 21 25 哪吒三太子 21 8 15 0 146
狮驼岭 21 25 大唐圣僧 21 8 15 0 146
狮驼岭 21 25 白龙马 21 5 15 0 180
狮驼岭 21 25 玉皇大帝 21 8 15 0 146
狮驼岭 21 25 金角王 21 5 30 0 5

通天河 52 42 蟹将 45 20 5 0 250
通天河 52 42 虾兵 45 20 5 0 250
通天河 52 42 二郎真君 45 8 15 0 146
通天河 52 42 牛魔王 45 8 15 0 146
通天河 52 42 太上老君 45 8 15 0 146
通天河 52 42 哪吒三太子 45 8 15 0 146
通天河 52 42 菩提祖师 45 8 15 0 146
通天河 52 42 卷帘大将 45 8 15 0 146
通天河 52 42 牛魔王 45 5 15 0 180
通天河 52 42 海胆王 45 5 15 0 180

水鱼之家 52 38 蟹将 45 30 5 0 250
水鱼之家 52 38 虾兵 45 30 5 0 250
水鱼之家 52 38 二郎真君 45 10 15 0 146
水鱼之家 52 38 牛魔王 45 10 15 0 146
水鱼之家 52 38 太上老君 45 10 15 0 146
水鱼之家 52 38 哪吒三太子 45 10 15 0 146
水鱼之家 52 38 菩提祖师 45 10 15 0 146
水鱼之家 52 38 牛魔王 45 8 15 0 180
水鱼之家 52 38 海胆王 45 8 15 0 180
水鱼之家 52 38 金角王 45 5 30 0 5
水鱼之家 52 38 青狮王 45 5 30 0 5

龙宫 64 44 二郎真君 45 10 15 0 146
龙宫 64 44 牛魔王 45 10 15 0 146
龙宫 64 44 太上老君 45 10 15 0 146
龙宫 64 44 哪吒三太子 45 10 15 0 146
龙宫 64 44 菩提祖师 45 10 15 0 146
龙宫 64 44 牛魔王 45 5 15 0 180
龙宫 64 44 海胆王 45 5 15 0 180
龙宫 64 44 金角王 45 5 30 0 5
龙宫 64 44 青狮王 45 5 30 0 5

盘丝洞 68 141 天兵 141 20 5 0 250
盘丝洞 68 141 天将 141 20 5 0 250
盘丝洞 68 141 太上老君 141 12 15 0 146
盘丝洞 68 141 哪吒三太子 141 12 15 0 146
盘丝洞 68 141 菩提祖师 141 12 15 0 146
盘丝洞 68 141 观世音菩萨 141 12 15 0 146
盘丝洞 68 141 牛魔王 141 12 15 0 146
盘丝洞 68 141 钱鼠王 141 8 15 0 180


火云洞 64 86 天兵 86 30 5 0 250
火云洞 64 86 天将 86 30 5 0 250
火云洞 64 86 太上老君 86 12 15 0 146
火云洞 64 86 哪吒三太子 86 12 15 0 146
火云洞 64 86 菩提祖师 86 12 15 0 146
火云洞 64 86 观世音菩萨 86 12 15 0 146
火云洞 64 86 牛魔王 86 12 15 0 146
火云洞 64 86 钱鼠王 86 8 15 0 180


无底洞 36 57 太上老君 57 10 15 0 146
无底洞 36 57 哪吒三太子 57 10 15 0 146
无底洞 36 57 菩提祖师 57 10 15 0 146
无底洞 36 57 观世音菩萨 57 10 15 0 146
无底洞 36 57 牛魔王 57 10 15 0 146
无底洞 36 57 钱鼠王 57 8 15 0 180
无底洞 36 57 银角王 57 8 20 0 5
无底洞 36 57 金角王 57 8 20 0 5

净土寺 40 59 大唐高僧 59 20 30 0 5

;三国

三国异世界 94 88长枪兵 150 10 5 0 250
三国异世界 94 88 弓箭兵 150 10 5 0 250
三国异世界 94 88 朴刀兵 150 10 5 0 250
三国异世界 94 88 大刀兵 150 10 5 0 250
三国异世界 94 88 铁锤兵 150 10 5 0 250
三国异世界 94 88 武斗兵 150 10 5 0 250
三国异世界 94 88 黄巾兵 150 10 5 0 250
三国异世界 94 88 骑兵 150 10 5 0 250

三国异世界 94 88 关羽 150 8 15 0 146
三国异世界 94 88 典韦 150 8 15 0 146
三国异世界 94 88 诸葛亮 150 8 15 0 146
三国异世界 94 88 赵云 150 8 15 0 146
三国异世界 94 88 吕布 150 8 15 0 146
三国异世界 94 88 貂蝉 150 8 15 0 146
三国异世界 94 88 董卓 150 8 15 0 146

三国异世界 94 88 曹操 150 5 15 0 180
三国异世界 94 88 周瑜 150 5 15 0 180
三国异世界 94 88 刘备 150 5 15 0 180
三国异世界 94 88 张飞 150 5 15 0 180
三国异世界 94 88 郭嘉 150 5 15 0 180
三国异世界 94 88 糜竺 150 5 15 0 180
三国异世界 94 88 许褚 150 5 15 0 180
三国异世界 94 88 张辽 150 5 15 0 180
三国异世界 94 88 张昭 150 5 15 0 180


蜀国一层 120 120 长枪兵 120 100 5 0 250
蜀国一层 120 120 弓箭兵 120 100 5 0 250
蜀国一层 120 120 关羽 120 15 15 0 146
蜀国一层 120 120 吕布 120 15 15 0 146
蜀国一层 120 120 貂蝉 120 15 15 0 146
蜀国一层 120 120 周瑜 120 5 20 0 180
蜀国一层 120 120 张飞 120 5 20 0 180

蜀国二层 85 75 长枪兵 85 50 5 0 250
蜀国二层 85 75 弓箭兵 85 50 5 0 250
蜀国二层 85 75 关羽 85 15 15 0 146
蜀国二层 85 75 吕布 85 15 15 0 146
蜀国二层 85 75 貂蝉 85 15 15 0 146
蜀国二层 85 75 周瑜 85 5 20 0 180
蜀国二层 85 75 张飞 85 5 20 0 180
蜀国二层 85 75 鲁肃 85 3 30 0 5
蜀国二层 85 75 曹仁 85 3 30 0 5
蜀国二层 85 75 大乔 85 3 30 0 5

蜀国三层 35 35 关羽 35 15 15 0 146
蜀国三层 35 35 吕布 35 15 15 0 146
蜀国三层 35 35 貂蝉 35 15 15 0 146
蜀国三层 35 35 周瑜 35 5 20 0 180
蜀国三层 35 35 张飞 35 5 20 0 180
蜀国三层 35 35 鲁肃 35 3 30 0 5
蜀国三层 35 35 曹仁 35 3 30 0 5
蜀国三层 35 35 大乔 35 3 30 0 5
蜀国三层 35 35 陆逊 35 2 30 0 244
蜀国三层 35 35 陆逊 35 2 30 0 244


魏国一层 74 79 朴刀兵 79 50 5 0 250
魏国一层 74 79 大刀兵 79 50 5 0 250
魏国一层 74 79 诸葛亮 79 10 15 0 146
魏国一层 74 79 貂蝉 79 10 15 0 146
魏国一层 74 79 董卓 79 10 15 0 146
魏国一层 74 79 郭嘉 79 3 15 0 180
魏国一层 74 79 糜竺 79 3 15 0 180
魏国一层 74 79 许褚 79 3 15 0 180
魏国一层 74 79 张辽 79 3 15 0 180


魏国二层 52 49 朴刀兵 52 50 5 0 250
魏国二层 52 49 大刀兵 52 50 5 0 250
魏国二层 52 49 诸葛亮 52 10 15 0 146
魏国二层 52 49 貂蝉 52 10 15 0 146
魏国二层 52 49 董卓 52 10 15 0 146
魏国二层 52 49 郭嘉 52 5 15 0 180
魏国二层 52 49 糜竺 52 5 15 0 180
魏国二层 52 49 许褚 52 5 15 0 180
魏国二层 52 49 张辽 52 5 15 0 180
魏国二层 52 49 马超 52 3 20 0 5
魏国二层 52 49 小乔 52 3 20 0 5

魏国三层 52 49 诸葛亮 52 10 15 0 146
魏国三层 52 49 貂蝉 52 10 15 0 146
魏国三层 52 49 董卓 52 10 15 0 146
魏国三层 52 49 郭嘉 52 5 15 0 180
魏国三层 52 49 糜竺 52 5 15 0 180
魏国三层 52 49 许褚 52 5 15 0 180
魏国三层 52 49 张辽 52 5 15 0 180
魏国三层 52 49 马超 52 3 20 0 5
魏国三层 52 49 小乔 52 3 20 0 5
魏国三层 52 49 虎痴 52 2 30 0 244
魏国三层 52 49 庞德 52 2 30 0 244


军机重地 59 67 关羽 50 5 15 0 146
军机重地 59 67 典韦 50 5 15 0 146
军机重地 59 67 诸葛亮 50 5 15 0 146
军机重地 59 67 赵云 50 5 15 0 146
军机重地 59 67 吕布 50 5 15 0 146
军机重地 59 67 貂蝉 50 5 15 0 146
军机重地 59 67 董卓 50 5 15 0 146
军机重地 59 67 曹操 50 3 15 0 180
军机重地 59 67 周瑜 50 3 15 0 180
军机重地 59 67 刘备 50 3 15 0 180
军机重地 59 67 张飞 50 3 15 0 180
军机重地 59 67 郭嘉 50 3 15 0 180
军机重地 59 67 糜竺 50 3 15 0 180
军机重地 59 67 许褚 50 3 15 0 180
军机重地 59 67 张辽 50 3 15 0 180
军机重地 59 67 张昭 50 3 15 0 180
军机重地 59 67 曹仁 50 2 20 0 5
军机重地 59 67 马超 50 2 20 0 5
军机重地 59 67 大乔 50 2 20 0 5
军机重地 59 67 小乔 50 2 20 0 5
军机重地 59 67 张角 50 2 20 0 5
军机重地 59 67 鲁肃 50 2 20 0 5

吴国一层 65 65 铁锤兵 65 50 5 0 250
吴国一层 65 65 武斗兵 65 50 5 0 250
吴国一层 65 65 典韦 65 10 15 0 146
吴国一层 65 65 貂蝉 65 10 15 0 146
吴国一层 65 65 刘备 65 5 20 0 180
吴国一层 65 65 张昭 65 5 20 0 180

吴国二层 25 27 典韦 20 10 15 0 146
吴国二层 25 27 貂蝉 20 10 15 0 146
吴国二层 25 27 刘备 20 5 20 0 180
吴国二层 25 27 张昭 20 5 20 0 180
吴国二层 25 27 小乔 20 4 30 0 5
吴国二层 25 27 张角 20 4 30 0 5
吴国二层 25 27 虎痴 20 2 30 0 244

三国争霸一层 24 27 关羽 20 5 15 0 146
三国争霸一层 24 27 典韦 20 5 15 0 146
三国争霸一层 24 27 诸葛亮 20 5 15 0 146
三国争霸一层 24 27 赵云 20 5 15 0 146
三国争霸一层 24 27 吕布 20 5 15 0 146
三国争霸一层 24 27 貂蝉 20 5 15 0 146
三国争霸一层 24 27 董卓 20 5 15 0 146

三国争霸二层 24 27 曹操 20 5 20 0 180
三国争霸二层 24 27 周瑜 20 5 20 0 180
三国争霸二层 24 27 刘备 20 5 20 0 180
三国争霸二层 24 27 张飞 20 5 20 0 180
三国争霸二层 24 27 郭嘉 20 5 20 0 180
三国争霸二层 24 27 糜竺 20 5 20 0 180
三国争霸二层 24 27 许褚 20 5 20 0 180
三国争霸二层 24 27 张辽 20 5 20 0 180
三国争霸二层 24 27 张昭 20 5 20 0 180

三国争霸三层 24 27 曹仁 20 4 25 0 5
三国争霸三层 24 27 马超 20 4 25 0 5
三国争霸三层 24 27 大乔 20 4 25 0 5
三国争霸三层 24 27 小乔 20 4 25 0 5
三国争霸三层 24 27 张角 20 4 25 0 5
三国争霸三层 24 27 鲁肃 20 4 25 0 5

三国争霸四层 24 27 陆逊 20 3 30 0 244
三国争霸四层 24 27 陆逊 20 3 30 0 244
三国争霸四层 24 27 虎痴 20 3 30 0 244
三国争霸四层 24 27 庞德 20 3 30 0 244
三国争霸四层 24 27 吕蒙 20 3 30 0 244
三国争霸四层 24 27 徐晃 20 3 30 0 244




帝王异世界 88 84 兵马俑 150 20 20 0 250
帝王异世界 88 84 兵马俑 150 20 20 0 250
帝王异世界 88 84 太监 150 20 20 0 250
帝王异世界 88 84 宫女 150 20 20 0 250

帝王异世界 88 84 秦始皇赢政 150 10 40 0 146
帝王异世界 88 84 汉武帝刘彻 150 10 40 0 146
帝王异世界 88 84 汉光武帝刘秀 150 10 40 0 146
帝王异世界 88 84 隋炀帝杨广 150 10 40 0 146
帝王异世界 88 84 唐太宗李世民 150 10 40 0 146
帝王异世界 88 84 武周圣神皇帝武则天 150 10 40 0 146

帝王异世界 88 84 宋太祖赵匡胤 150 8 50 0 180
帝王异世界 88 84 宋太宗赵炅 150 8 50 0 180
帝王异世界 88 84 宋高宗赵构 150 8 50 0 180
帝王异世界 88 84 元太祖成吉思汗 150 8 50 0 180
帝王异世界 88 84 元世祖忽必烈 150 8 50 0 180
帝王异世界 88 84 明太祖朱元璋 150 8 50 0 180


帝王核心 51 51 秦始皇赢政 300 10 40 0 146
帝王核心 51 51 汉武帝刘彻 300 10 40 0 146
帝王核心 51 51 汉光武帝刘秀 300 10 40 0 146
帝王核心 51 51 隋炀帝杨广 300 10 40 0 146
帝王核心 51 51 唐太宗李世民 300 10 40 0 146
帝王核心 51 51 武周圣神皇帝武则天 300 10 40 0 146

帝王核心 51 51 宋太祖赵匡胤 300 5 50 0 180
帝王核心 51 51 宋太宗赵炅 300 5 50 0 180
帝王核心 51 51 宋高宗赵构 300 5 50 0 180
帝王核心 51 51 元太祖成吉思汗 300 5 50 0 180
帝王核心 51 51 元世祖忽必烈 300 5 50 0 180
帝王核心 51 51 明太祖朱元璋 300 5 50 0 180

帝王核心 51 51 明惠帝朱允文 40 2 60 0 5
帝王核心 51 51 明成祖朱棣 40 2 60 0 5
帝王核心 51 51 闯王李自成 40 2 60 0 5
帝王核心 51 51 清太祖努尔哈赤 40 2 60 0 5
帝王核心 51 51 清太宗皇太极 40 2 60 0 5
帝王核心 51 51 清世祖顺治 40 2 60 0 5
帝王核心 51 51 清圣祖康熙 40 2 60 0 5
帝王核心 51 51 清世宗雍正 40 2 60 0 5

帝王核心 51 51 清高宗乾隆 40 1 80 0 244
帝王核心 51 51 清仁宗嘉庆 40 1 80 0 244
帝王核心 51 51 糟老太太慈禧 40 1 80 0 244
帝王核心 51 51 末代皇帝溥仪 40 1 80 0 244
帝王核心 51 51 袁世凯 40 1 80 0 244
帝王核心 51 51 国父中山 40 1 80 0 244

始皇陵一层 35 53 兵马俑 45 50 20 0 250
始皇陵一层 35 53 太监 45 50 20 0 250
始皇陵一层 35 53 汉光武帝刘秀 45 10 30 0 146
始皇陵一层 35 53 隋炀帝杨广 45 10 30 0 146
始皇陵一层 35 53 唐太宗李世民 45 10 30 0 146
始皇陵一层 35 53 明太祖朱元璋 45 5 40 0 180
始皇陵一层 35 53 宋高宗赵构 45 5 40 0 180
始皇陵一层 35 53 宋太祖赵匡胤 45 5 40 0 180


始皇陵二层 55 48 兵马俑 50 50 20 0 250
始皇陵二层 55 48 太监 50 50 20 0 250
始皇陵二层 55 48 汉光武帝刘秀 50 10 30 0 146
始皇陵二层 55 48 隋炀帝杨广 50 10 30 0 146
始皇陵二层 55 48 唐太宗李世民 50 10 30 0 146
始皇陵二层 55 48 明太祖朱元璋 50 5 40 0 180
始皇陵二层 55 48 宋高宗赵构 50 5 40 0 180
始皇陵二层 55 48 宋太祖赵匡胤 50 5 40 0 180
始皇陵二层 55 48 明惠帝朱允文 50 3 60 0 5
始皇陵二层 55 48 明成祖朱棣 50 3 60 0 5


始皇陵三层 55 52 汉光武帝刘秀 40 3 30 0 146
始皇陵三层 55 52 隋炀帝杨广 40 3 30 0 146
始皇陵三层 55 52 唐太宗李世民 40 3 30 0 146
始皇陵三层 55 52 明太祖朱元璋 40 3 30 0 180
始皇陵三层 55 52 宋高宗赵构 40 3 30 0 180
始皇陵三层 55 52 宋太祖赵匡胤 40 3 30 0 180
始皇陵三层 55 52 明惠帝朱允文 40 3 60 0 5
始皇陵三层 55 52 明成祖朱棣 40 3 60 0 5
始皇陵三层 55 52 末代皇帝溥仪 40 3 60 0 244
始皇陵三层 55 52 袁世凯 40 3 60 0 244
始皇陵三层 55 52 国父中山 40 3 60 0 244

边界战场 104 81 兵马俑 104 30 15 0 250
边界战场 104 81 兵马俑 104 30 15 0 250
边界战场 104 81 太监 104 30 15 0 250
边界战场 104 81 太监 104 30 15 0 250
边界战场 104 81 隋炀帝杨广 104 15 30 0 146
边界战场 104 81 秦始皇赢政 104 15 30 0 146
边界战场 104 81 汉武帝刘彻 104 15 30 0 146
边界战场 104 81 元太祖成吉思汗 104 8 30 0 180
边界战场 104 81 宋高宗赵构 104 8 30 0 180
边界战场 104 81 宋太祖赵匡胤 104 8 30 0 180
边界战场 104 81 宋太宗赵炅 104 8 30 0 180
边界战场 104 81 清太祖努尔哈赤 104 5 60 0 5
边界战场 104 81 清太宗皇太极 104 5 60 0 5
边界战场 104 81 清世祖顺治 104 5 60 0 5
边界战场 104 81 清圣祖康熙 104 5 60 0 5
边界战场 104 81 清世宗雍正 104 5 60 0 5
边界战场 104 81 清高宗乾隆 104 3 60 0 244
边界战场 104 81 清仁宗嘉庆 104 3 60 0 244
边界战场 104 81 糟老太太慈禧 104 3 60 0 244


御花园 85 108 太监 104 30 20 0 250
御花园 85 108 太监 104 30 20 0 250
御花园 85 108 宫女 104 30 20 0 250
御花园 85 108 宫女 104 30 20 0 250
御花园 85 108 唐太宗李世民 104 15 30 0 146
御花园 85 108 武周圣神皇帝武则天 104 15 30 0 146
御花园 85 108 汉光武帝刘秀 104 15 30 0 146
御花园 85 108 元太祖成吉思汗 104 5 40 0 180
御花园 85 108 元世祖忽必烈 104 5 40 0 180
御花园 85 108 明太祖朱元璋 104 5 40 0 180
御花园 85 108 明惠帝朱允文 104 4 60 0 5
御花园 85 108 明成祖朱棣 104 4 60 0 5
御花园 85 108 闯王李自成 104 4 60 0 5
御花园 85 108 末代皇帝溥仪 104 3 80 0 244
御花园 85 108 袁世凯 104 3 80 0 244
御花园 85 108 国父中山 104 3 80 0 244

帝王V 150 130 秦始皇赢政 150 10 30 0 146
帝王V 150 130 汉武帝刘彻 150 10 30 0 146
帝王V 150 130 汉光武帝刘秀 150 10 30 0 146
帝王V 150 130 隋炀帝杨广 150 10 30 0 146
帝王V 150 130 唐太宗李世民 150 10 30 0 146
帝王V 150 130 武周圣神皇帝武则天 150 10 30 0 146
帝王V 150 130 宋太祖赵匡胤 150 6 40 0 180
帝王V 150 130 宋太宗赵炅 150 6 40 0 180
帝王V 150 130 宋高宗赵构 150 6 40 0 180
帝王V 150 130 元太祖成吉思汗 150 6 40 0 180
帝王V 150 130 元世祖忽必烈 150 6 40 0 180
帝王V 150 130 明太祖朱元璋 150 6 40 0 180
帝王V 150 130 明惠帝朱允文 150 4 60 0 5
帝王V 150 130 明成祖朱棣 150 4 60 0 5
帝王V 150 130 闯王李自成 150 4 60 0 5
帝王V 150 130 清太祖努尔哈赤 150 4 60 0 5
帝王V 150 130 清太宗皇太极 150 4 60 0 5
帝王V 150 130 清世祖顺治 150 4 60 0 5
帝王V 150 130 清圣祖康熙 150 4 60 0 5
帝王V 150 130 清世宗雍正 150 4 60 0 5
帝王V 150 130 清高宗乾隆 150 3 80 0 244
帝王V 150 130 清仁宗嘉庆 150 3 80 0 244
帝王V 150 130 糟老太太慈禧 150 3 80 0 244
帝王V 150 130 末代皇帝溥仪 150 3 80 0 244
帝王V 150 130 袁世凯 150 3 80 0 244
帝王V 150 130 国父中山 150 3 80 0 244





金庸异世界 81 86 少林弟子 140 20 20 0 250
金庸异世界 81 86 武当弟子 140 20 20 0 250
金庸异世界 81 86 魔教教众 140 20 20 0 250
金庸异世界 81 86 江湖散人 140 20 20 0 250
金庸异世界 81 86 西域番僧 140 20 20 0 250
金庸异世界 81 86 蒙古铁骑 140 20 20 0 250

金庸异世界 81 86 欧阳锋 140 10 40 0 146
金庸异世界 81 86 一灯大师 140 10 40 0 146
金庸异世界 81 86 黄药师 140 10 40 0 146
金庸异世界 81 86 洪七公 140 10 40 0 146
金庸异世界 81 86 王重阳 140 10 40 0 146
金庸异世界 81 86 周伯通 140 10 40 0 146
金庸异世界 81 86 郭靖 140 10 40 0 146
金庸异世界 81 86 裘千仞 140 10 40 0 146

金庸异世界 81 86 黄蓉 140 5 50 0 180
金庸异世界 81 86 梅超风 140 5 50 0 180
金庸异世界 81 86 柯震恶 140 5 50 0 180
金庸异世界 81 86 扫地僧 140 5 50 0 180
金庸异世界 81 86 逍遥子 140 5 50 0 180
金庸异世界 81 86 李秋水 140 5 50 0 180
金庸异世界 81 86 天山童姥 140 5 50 0 180


英雄塔一层 64 76 少林弟子 140 20 10 0 250
英雄塔一层 64 76 武当弟子 140 20 10 0 250
英雄塔一层 64 76 魔教教众 140 20 10 0 250
英雄塔一层 64 76 江湖散人 140 20 10 0 250
英雄塔一层 86 93 西域番僧 140 20 10 0 250
英雄塔一层 86 93 蒙古铁骑 140 20 10 0 250
英雄塔一层 86 93 段正淳 140 8 30 0 244
英雄塔一层 86 93 段延庆 140 8 30 0 244
英雄塔一层 86 93 令狐冲 140 8 30 0 244
英雄塔一层 64 76 南海鳄神 140 8 30 0 244
英雄塔一层 64 76 云中鹤 140 8 30 0 244


英雄塔二层 64 76 少林弟子 140 15 10 0 250
英雄塔二层 64 76 武当弟子 140 15 10 0 250
英雄塔二层 64 76 魔教教众 140 15 10 0 250
英雄塔二层 64 76 江湖散人 140 15 10 0 250
英雄塔二层 86 93 西域番僧 140 15 10 0 250
英雄塔二层 86 93 蒙古铁骑 140 15 10 0 250
英雄塔二层 86 93 段正淳 140 10 30 0 244
英雄塔二层 86 93 段延庆 140 10 30 0 244
英雄塔二层 86 93 令狐冲 140 10 30 0 244
英雄塔二层 64 76 南海鳄神 140 10 30 0 244
英雄塔二层 64 76 云中鹤 140 10 30 0 244

英雄塔三层 64 76 少林弟子 140 10 10 0 250
英雄塔三层 64 76 武当弟子 140 10 10 0 250
英雄塔三层 64 76 魔教教众 140 10 10 0 250
英雄塔三层 64 76 江湖散人 140 10 10 0 250
英雄塔三层 86 93 西域番僧 140 10 10 0 250
英雄塔三层 86 93 蒙古铁骑 140 10 10 0 250
英雄塔三层 86 93 段正淳 140 15 30 0 244
英雄塔三层 86 93 段延庆 140 15 30 0 244
英雄塔三层 86 93 令狐冲 140 15 30 0 244
英雄塔三层 64 76 南海鳄神 140 15 30 0 244
英雄塔三层 64 76 云中鹤 140 15 30 0 244

英雄塔四层 64 76 少林弟子 140 10 10 0 250
英雄塔四层 64 76 武当弟子 140 10 10 0 250
英雄塔四层 64 76 魔教教众 140 10 10 0 250
英雄塔四层 64 76 江湖散人 140 10 10 0 250
英雄塔四层 86 93 西域番僧 140 10 10 0 250
英雄塔四层 86 93 蒙古铁骑 140 10 10 0 250
英雄塔四层 86 93 段正淳 140 15 30 0 244
英雄塔四层 86 93 段延庆 140 15 30 0 244
英雄塔四层 86 93 令狐冲 140 15 30 0 244
英雄塔四层 64 76 南海鳄神 140 15 30 0 244
英雄塔四层 64 76 云中鹤 140 15 30 0 244

英雄塔五层 64 76 少林弟子 140 10 10 0 250
英雄塔五层 64 76 武当弟子 140 10 10 0 250
英雄塔五层 64 76 魔教教众 140 10 10 0 250
英雄塔五层 64 76 江湖散人 140 10 10 0 250
英雄塔五层 86 93 西域番僧 140 10 10 0 250
英雄塔五层 86 93 蒙古铁骑 140 10 10 0 250
英雄塔五层 86 93 段正淳 140 15 30 0 244
英雄塔五层 86 93 段延庆 140 15 30 0 244
英雄塔五层 86 93 令狐冲 140 15 30 0 244
英雄塔五层 64 76 南海鳄神 140 15 30 0 244
英雄塔五层 64 76 云中鹤 140 15 30 0 244

英雄塔六层 64 76 少林弟子 140 5 10 0 250
英雄塔六层 64 76 武当弟子 140 5 10 0 250
英雄塔六层 64 76 魔教教众 140 5 10 0 250
英雄塔六层 64 76 江湖散人 140 5 10 0 250
英雄塔六层 86 93 西域番僧 140 5 10 0 250
英雄塔六层 86 93 蒙古铁骑 140 5 10 0 250
英雄塔六层 86 93 段正淳 140 15 30 0 244
英雄塔六层 86 93 段延庆 140 15 30 0 244
英雄塔六层 86 93 令狐冲 140 15 30 0 244
英雄塔六层 64 76 南海鳄神 140 15 30 0 244
英雄塔六层 64 76 云中鹤 140 15 30 0 244

英雄塔七层 86 93 段正淳 140 15 20 0 244
英雄塔七层 86 93 段延庆 140 15 20 0 244
英雄塔七层 86 93 令狐冲 140 15 20 0 244
英雄塔七层 64 76 南海鳄神 140 15 20 0 244
英雄塔七层 64 76 云中鹤 140 15 20 0 244


活死人墓一层 54 62 欧阳锋 62 8 40 0 146
活死人墓一层 54 62 一灯大师 62 8 40 0 146
活死人墓一层 54 62 黄药师 62 8 40 0 146
活死人墓一层 54 62 洪七公 62 8 40 0 146
活死人墓一层 54 62 王重阳 62 8 40 0 146
活死人墓一层 54 62 周伯通 62 8 40 0 146
活死人墓一层 54 62 郭靖 62 8 40 0 146
活死人墓一层 54 62 裘千仞 62 8 40 0 146
活死人墓一层 54 62 黄蓉 62 4 60 0 180
活死人墓一层 54 62 梅超风 62 4 60 0 180
活死人墓一层 54 62 柯震恶 62 4 60 0 180
活死人墓一层 54 62 扫地僧 62 4 60 0 180
活死人墓一层 54 62 逍遥子 62 4 60 0 180
活死人墓一层 54 62 李秋水 62 4 60 0 180
活死人墓一层 54 62 天山童姥 62 4 60 0 180

活死人墓二层 58 65 欧阳锋 62 8 40 0 146
活死人墓二层 58 65 一灯大师 62 8 40 0 146
活死人墓二层 58 65 黄药师 62 8 40 0 146
活死人墓二层 58 65 洪七公 62 8 40 0 146
活死人墓二层 58 65 王重阳 62 8 40 0 146
活死人墓二层 58 65 周伯通 62 8 40 0 146
活死人墓二层 58 65 郭靖 62 8 40 0 146
活死人墓二层 58 65 裘千仞 62 8 40 0 146
活死人墓二层 58 65 黄蓉 62 4 60 0 180
活死人墓二层 58 65 梅超风 62 4 60 0 180
活死人墓二层 58 65 柯震恶 62 4 60 0 180
活死人墓二层 58 65 扫地僧 62 4 60 0 180
活死人墓二层 58 65 逍遥子 62 4 60 0 180
活死人墓二层 58 65 李秋水 62 4 60 0 180
活死人墓二层 58 65 天山童姥 62 4 60 0 180
活死人墓二层 58 65 丁春秋 62 2 60 0 5
活死人墓二层 58 65 虚竹 62 2 60 0 5
活死人墓二层 58 65 乔峰 62 2 60 0 5
活死人墓二层 58 65 段誉 62 2 60 0 5
活死人墓二层 58 65 王语嫣 62 2 60 0 5
活死人墓二层 58 65 阿紫 62 2 60 0 5
活死人墓二层 58 65 慕容复 62 2 60 0 5
活死人墓二层 58 65 马夫人 62 2 60 0 5

活死人墓三层 20 20 丁春秋 62 2 60 0 5
活死人墓三层 20 20 虚竹 62 2 60 0 5
活死人墓三层 20 20 乔峰 62 2 60 0 5
活死人墓三层 20 20 段誉 62 2 60 0 5
活死人墓三层 20 20 王语嫣 62 2 60 0 5
活死人墓三层 20 20 阿紫 62 2 60 0 5
活死人墓三层 20 20 慕容复 62 2 60 0 5
活死人墓三层 20 20 马夫人 62 2 60 0 5
活死人墓三层 20 20 叶二娘 20 2 80 0 244
活死人墓三层 20 20 任盈盈 20 2 80 0 244
活死人墓三层 20 20 左冷禅 20 2 80 0 244
活死人墓三层 20 20 任我行 20 2 80 0 244
活死人墓三层 20 20 东方不败 20 2 80 0 244



琅指５ 85 108 欧阳锋 108 10 30 0 146
琅指５ 85 108 一灯大师 108 10 30 0 146
琅指５ 85 108 黄药师 108 10 30 0 146
琅指５ 85 108 洪七公 108 10 30 0 146
琅指５ 85 108 王重阳 108 10 30 0 146
琅指５ 85 108 周伯通 108 10 30 0 146
琅指５ 85 108 郭靖 108 10 30 0 146
琅指５ 85 108 裘千仞 108 10 30 0 146
琅指５ 85 108 黄蓉 108 8 40 0 180
琅指５ 85 108 梅超风 108 8 40 0 180
琅指５ 85 108 柯震恶 108 8 40 0 180
琅指５ 85 108 扫地僧 108 8 40 0 180
琅指５ 85 108 逍遥子 108 8 40 0 180
琅指５ 85 108 李秋水 108 8 40 0 180
琅指５ 85 108 天山童姥 108 8 40 0 180
琅指５ 85 108 丁春秋 108 4 60 0 5
琅指５ 85 108 虚竹 108 4 60 0 5
琅指５ 85 108 乔峰 108 4 60 0 5
琅指５ 85 108 段誉 108 4 60 0 5
琅指５ 85 108 王语嫣 108 4 60 0 5
琅指５ 85 108 阿紫 108 4 60 0 5
琅指５ 85 108 慕容复 108 4 60 0 5
琅指５ 85 108 马夫人 108 4 60 0 5
琅指５ 85 108 叶二娘 108 2 80 0 244
琅指５ 85 108 任盈盈 108 2 80 0 244
琅指５ 85 108 左冷禅 108 2 80 0 244
琅指５ 85 108 任我行 108 2 80 0 244
琅指５ 85 108 东方不败 108 2 80 0 244


桃花岛 75 75 欧阳锋 70 10 30 0 146
桃花岛 75 75 一灯大师 70 10 30 0 146
桃花岛 75 75 黄药师 70 10 30 0 146
桃花岛 75 75 洪七公 70 10 30 0 146
桃花岛 75 75 王重阳 70 10 30 0 146
桃花岛 75 75 周伯通 70 10 30 0 146
桃花岛 75 75 郭靖 70 10 30 0 146
桃花岛 75 75 裘千仞 70 10 30 0 146
桃花岛 75 75 黄蓉 70 8 40 0 180
桃花岛 75 75 梅超风 70 8 40 0 180
桃花岛 75 75 柯震恶 70 8 40 0 180
桃花岛 75 75 扫地僧 70 8 40 0 180
桃花岛 75 75 逍遥子 70 8 40 0 180
桃花岛 75 75 李秋水 70 8 40 0 180
桃花岛 75 75 天山童姥 70 8 40 0 180
桃花岛 75 75 丁春秋 70 4 60 0 5
桃花岛 75 75 虚竹 70 4 60 0 5
桃花岛 75 75 乔峰 70 4 60 0 5
桃花岛 75 75 段誉 70 4 60 0 5
桃花岛 75 75 王语嫣 70 4 60 0 5
桃花岛 75 75 阿紫 70 4 60 0 5
桃花岛 75 75 慕容复 70 4 60 0 5
桃花岛 75 75 马夫人 70 4 60 0 5
桃花岛 75 75 叶二娘 70 2 80 0 244
桃花岛 75 75 任盈盈 70 2 80 0 244
桃花岛 75 75 左冷禅 70 2 80 0 244
桃花岛 75 75 任我行 70 2 80 0 244
桃花岛 75 75 东方不败 70 2 80 0 244




绝情谷一层 48 48 欧阳锋 45 8 40 0 146
绝情谷一层 48 48 一灯大师 45 8 40 0 146
绝情谷一层 48 48 黄药师 45 8 40 0 146
绝情谷一层 48 48 洪七公 45 8 40 0 146
绝情谷一层 48 48 王重阳 45 8 40 0 146
绝情谷一层 48 48 周伯通 45 8 40 0 146
绝情谷一层 48 48 郭靖 45 8 40 0 146
绝情谷一层 48 48 裘千仞 45 8 40 0 146
绝情谷一层 48 48 黄蓉 45 4 60 0 180
绝情谷一层 48 48 梅超风 45 4 60 0 180
绝情谷一层 48 48 柯震恶 45 4 60 0 180
绝情谷一层 48 48 扫地僧 45 4 60 0 180
绝情谷一层 48 48 逍遥子 45 4 60 0 180
绝情谷一层 48 48 李秋水 45 4 60 0 180
绝情谷一层 48 48 天山童姥 45 4 60 0 180

绝情谷二层 59 52 欧阳锋 50 8 40 0 146
绝情谷二层 59 52 一灯大师 50 8 40 0 146
绝情谷二层 59 52 黄药师 50 8 40 0 146
绝情谷二层 59 52 洪七公 50 8 40 0 146
绝情谷二层 59 52 王重阳 50 8 40 0 146
绝情谷二层 59 52 周伯通 50 8 40 0 146
绝情谷二层 59 52 郭靖 50 8 40 0 146
绝情谷二层 59 52 裘千仞 50 8 40 0 146
绝情谷二层 59 52 黄蓉 50 4 60 0 180
绝情谷二层 59 52 梅超风 50 4 60 0 180
绝情谷二层 59 52 柯震恶 50 4 60 0 180
绝情谷二层 59 52 扫地僧 50 4 60 0 180
绝情谷二层 59 52 逍遥子 50 4 60 0 180
绝情谷二层 59 52 李秋水 50 4 60 0 180
绝情谷二层 59 52 天山童姥 50 4 60 0 180
绝情谷二层 59 52 丁春秋 50 2 60 0 5
绝情谷二层 59 52 虚竹 50 2 60 0 5
绝情谷二层 59 52 乔峰 50 2 60 0 5
绝情谷二层 59 52 段誉 50 2 60 0 5
绝情谷二层 59 52 王语嫣 50 2 60 0 5
绝情谷二层 59 52 阿紫 50 2 60 0 5
绝情谷二层 59 52 慕容复 50 2 60 0 5
绝情谷二层 59 52 马夫人 50 2 60 0 5

绝情谷三层 37 43 丁春秋 25 2 60 0 5
绝情谷三层 37 43 虚竹 25 2 60 0 5
绝情谷三层 37 43 乔峰 25 2 60 0 5
绝情谷三层 37 43 段誉 25 2 60 0 5
绝情谷三层 37 43 王语嫣 25 2 60 0 5
绝情谷三层 37 43 阿紫 25 2 60 0 5
绝情谷三层 37 43 慕容复 25 2 60 0 5
绝情谷三层 37 43 马夫人 25 2 60 0 5
绝情谷三层 37 43 叶二娘 25 2 80 0 244
绝情谷三层 37 43 任盈盈 25 2 80 0 244
绝情谷三层 37 43 左冷禅 25 2 80 0 244
绝情谷三层 37 43 任我行 25 2 80 0 244
绝情谷三层 37 43 东方不败 25 2 80 0 244

华山之巅 90 98 欧阳锋 90 15 30 0 146
华山之巅 90 98 一灯大师 90 15 30 0 146
华山之巅 90 98 黄药师 90 15 30 0 146
华山之巅 90 98 洪七公 90 15 30 0 146
华山之巅 90 98 王重阳 90 15 30 0 146
华山之巅 90 98 周伯通 90 15 30 0 146
华山之巅 90 98 郭靖 90 15 30 0 146
华山之巅 90 98 裘千仞 90 15 30 0 146
华山之巅 90 98 黄蓉 90 10 40 0 180
华山之巅 90 98 梅超风 90 10 40 0 180
华山之巅 90 98 柯震恶 90 10 40 0 180
华山之巅 90 98 扫地僧 90 10 40 0 180
华山之巅 90 98 逍遥子 90 10 40 0 180
华山之巅 90 98 李秋水 90 10 40 0 180
华山之巅 90 98 天山童姥 90 10 40 0 180
华山之巅 90 98 丁春秋 90 4 60 0 5
华山之巅 90 98 虚竹 90 4 60 0 5
华山之巅 90 98 乔峰 90 4 60 0 5
华山之巅 90 98 段誉 90 4 60 0 5
华山之巅 90 98 王语嫣 90 4 60 0 5
华山之巅 90 98 阿紫 90 4 60 0 5
华山之巅 90 98 慕容复 90 4 60 0 5
华山之巅 90 98 马夫人 90 4 60 0 5
华山之巅 90 98 叶二娘 90 2 80 0 244
华山之巅 90 98 任盈盈 90 2 80 0 244
华山之巅 90 98 左冷禅 90 2 80 0 244
华山之巅 90 98 任我行 90 2 80 0 244
华山之巅 90 98 东方不败 90 2 80 0 244

圣斗士异世界 156 152 青铜圣斗士 245 12 20 0 250
圣斗士异世界 156 152 白银圣斗士 245 12 20 0 250
圣斗士异世界 156 152 黄金圣斗士 245 12 20 0 250
圣斗士异世界 156 152 神斗士 245 12 20 0 250
圣斗士异世界 156 152 海斗士 245 12 20 0 250
圣斗士异世界 156 152 冥斗士 245 12 20 0 250
圣斗士异世界 156 152 天斗士 245 12 20 0 250
圣斗士异世界 156 152 亡灵圣斗士 245 12 20 0 250
圣斗士异世界 156 152 日冕圣斗士 245 12 20 0 250

圣斗士异世界 156 152 天马星座・星矢 245 8 40 0 146
圣斗士异世界 156 152 天龙星座・紫龙 245 8 40 0 146
圣斗士异世界 156 152 白鸟星座・冰河 245 8 40 0 146
圣斗士异世界 156 152 仙女星座・瞬 245 8 40 0 146
圣斗士异世界 156 152 凤凰星座・一辉 245 8 40 0 146
圣斗士异世界 156 152 天鹰座・魔铃 245 8 40 0 146
圣斗士异世界 156 152 蛇夫座・莎娜 245 8 40 0 146

圣斗士异世界 156 152 蜥蜴座・美斯迪 245 5 60 0 180
圣斗士异世界 156 152 白鲸座・魔西斯 245 5 60 0 180
圣斗士异世界 156 152 猎犬座・亚迪里安 245 5 60 0 180
圣斗士异世界 156 152 半人马座・巴比伦 245 5 60 0 180
圣斗士异世界 156 152 英仙座・亚鲁歌路 245 5 60 0 180
圣斗士异世界 156 152 乌鸦座・基米安 245 5 60 0 180
圣斗士异世界 156 152 御夫座・加比拉 245 5 60 0 180

冥王殿 109 103 青铜圣斗士 110 30 15 0 250
冥王殿 109 103 白银圣斗士 110 30 15 0 250
冥王殿 109 103 黄金圣斗士 110 30 15 0 250
冥王殿 109 103 仙女星座・瞬 110 10 20 0 146
冥王殿 109 103 凤凰星座・一辉 110 10 20 0 146
冥王殿 109 103 天鹰座・魔铃 110 10 20 0 146
冥王殿 109 103 蛇夫座・莎娜 110 10 20 0 146
冥王殿 109 103 猎犬座・亚迪里安 110 10 40 0 180
冥王殿 109 103 半人马座・巴比伦 110 10 40 0 180
冥王殿 109 103 英仙座・亚鲁歌路 110 10 40 0 180
冥王殿 109 103 地狱犬座・达迪 110 5 60 0 5
冥王殿 109 103 仙皇座・亚路比奥尼 110 5 60 0 5
冥王殿 109 103 白羊座・穆 110 5 60 0 5
冥王殿 109 103 天秤座・童虎 110 3 80 0 244
冥王殿 109 103 天蝎座・米罗 110 3 80 0 244


雅典娜神殿一层 95 100 神斗士 110 30 15 0 250
雅典娜神殿一层 95 100 海斗士 110 30 15 0 250
雅典娜神殿一层 95 100 冥斗士 110 30 15 0 250
雅典娜神殿一层 95 100 天斗士 110 30 15 0 250
雅典娜神殿一层 95 100 天马星座・星矢 110 12 30 0 146
雅典娜神殿一层 95 100 天龙星座・紫龙 110 12 30 0 146
雅典娜神殿一层 95 100 白鸟星座・冰河 110 12 30 0 146
雅典娜神殿一层 95 100 仙女星座・瞬 110 10 40 0 146
雅典娜神殿一层 95 100 蜥蜴座・美斯迪 110 5 40 0 180
雅典娜神殿一层 95 100 白鲸座・魔西斯 110 5 40 0 180
雅典娜神殿一层 95 100 御夫座・加比拉 110 5 40 0 180
雅典娜神殿一层 95 100 巨蟹座・迪斯马斯克 110 3 60 0 5
雅典娜神殿一层 95 100 狮子座・艾欧里亚 110 3 60 0 5
雅典娜神殿一层 95 100 处女座・沙加 110 3 60 0 5
雅典娜神殿一层 95 100 射手座・艾欧里斯 110 2 80 0 244
雅典娜神殿一层 95 100 山羊座・修罗 110 2 80 0 244

雅典娜神殿二层 95 100 神斗士 110 30 15 0 250
雅典娜神殿二层 95 100 海斗士 110 30 15 0 250
雅典娜神殿二层 95 100 冥斗士 110 30 15 0 250
雅典娜神殿二层 95 100 天斗士 110 30 15 0 250
雅典娜神殿二层 95 100 天马星座・星矢 110 12 30 0 146
雅典娜神殿二层 95 100 天龙星座・紫龙 110 12 30 0 146
雅典娜神殿二层 95 100 白鸟星座・冰河 110 12 30 0 146
雅典娜神殿二层 95 100 仙女星座・瞬 110 10 40 0 146
雅典娜神殿二层 95 100 蜥蜴座・美斯迪 110 5 40 0 180
雅典娜神殿二层 95 100 白鲸座・魔西斯 110 5 40 0 180
雅典娜神殿二层 95 100 御夫座・加比拉 110 5 40 0 180
雅典娜神殿二层 95 100 巨蟹座・迪斯马斯克 110 3 60 0 5
雅典娜神殿二层 95 100 狮子座・艾欧里亚 110 3 60 0 5
雅典娜神殿二层 95 100 处女座・沙加 110 3 60 0 5
雅典娜神殿二层 95 100 射手座・艾欧里斯 110 2 80 0 244
雅典娜神殿二层 95 100 山羊座・修罗 110 2 80 0 244

雅典娜神殿三层 52 57 天马星座・星矢 57 5 40 0 146
雅典娜神殿三层 52 57 天龙星座・紫龙 57 5 40 0 146
雅典娜神殿三层 52 57 白鸟星座・冰河 57 5 40 0 146
雅典娜神殿三层 52 57 仙女星座・瞬 57 5 40 0 146
雅典娜神殿三层 52 57 凤凰星座・一辉 57 5 40 0 146
雅典娜神殿三层 52 57 天鹰座・魔铃 57 5 40 0 146
雅典娜神殿三层 52 57 蛇夫座・莎娜 57 5 40 0 146
雅典娜神殿三层 52 57 蜥蜴座・美斯迪 57 3 60 0 180
雅典娜神殿三层 52 57 白鲸座・魔西斯 57 3 60 0 180
雅典娜神殿三层 52 57 猎犬座・亚迪里安 57 3 60 0 180
雅典娜神殿三层 52 57 半人马座・巴比伦 57 3 60 0 180
雅典娜神殿三层 52 57 英仙座・亚鲁歌路 57 3 60 0 180
雅典娜神殿三层 52 57 乌鸦座・基米安 57 3 60 0 180
雅典娜神殿三层 52 57 御夫座・加比拉 57 3 60 0 180
雅典娜神殿三层 52 57 地狱犬座・达迪 57 2 80 0 5
雅典娜神殿三层 52 57 仙皇座・亚路比奥尼 57 2 80 0 5
雅典娜神殿三层 52 57 白羊座・穆 57 2 80 0 5
雅典娜神殿三层 52 57 金牛座・亚鲁迪巴 57 2 80 0 5
雅典娜神殿三层 52 57 双子座・撒加 57 2 80 0 5
雅典娜神殿三层 52 57 巨蟹座・迪斯马斯克 57 2 80 0 5
雅典娜神殿三层 52 57 狮子座・艾欧里亚 57 2 80 0 5
雅典娜神殿三层 52 57 处女座・沙加 57 2 80 0 5
雅典娜神殿三层 52 57 天秤座・童虎 57 1 100 0 244
雅典娜神殿三层 52 57 天蝎座・米罗 57 1 100 0 244
雅典娜神殿三层 52 57 射手座・艾欧里斯 57 1 100 0 244
雅典娜神殿三层 52 57 山羊座・修罗 57 1 100 0 244
雅典娜神殿三层 52 57 水瓶座・卡妙 57 1 100 0 244
雅典娜神殿三层 52 57 双鱼座・阿布罗迪 57 1 100 0 244


希腊圣域 80 100 冥斗士 70 50 20 0 250
希腊圣域 80 100 天马星座・星矢 70 15 30 0 146
希腊圣域 80 100 天龙星座・紫龙 70 15 30 0 146
希腊圣域 80 100 白鸟星座・冰河 70 15 30 0 146
希腊圣域 80 100 仙女星座・瞬 70 15 30 0 146
希腊圣域 80 100 蜥蜴座・美斯迪 70 10 50 0 180
希腊圣域 80 100 白鲸座・魔西斯 70 10 50 0 180
希腊圣域 80 100 御夫座・加比拉 70 10 50 0 180
希腊圣域 80 100 巨蟹座・迪斯马斯克 70 5 70 0 5
希腊圣域 80 100 狮子座・艾欧里亚 70 5 70 0 5
希腊圣域 80 100 处女座・沙加 70 5 70 0 5
希腊圣域 80 100 水瓶座・卡妙 70 3 90 0 244
希腊圣域 80 100 双鱼座・阿布罗迪 70 3 90 0 244



魔星之塔一层 50 50 日冕圣斗士 40 20 20 0 250
魔星之塔一层 50 50 白鸟星座・冰河 40 10 30 0 146
魔星之塔一层 50 50 仙女星座・瞬 40 10 30 0 146
魔星之塔一层 50 50 凤凰星座・一辉 40 10 30 0 146
魔星之塔一层 50 50 乌鸦座・基米安 40 8 40 0 180
魔星之塔一层 50 50 蜥蜴座・美斯迪 40 8 40 0 180
魔星之塔一层 50 50 白鲸座・魔西斯 40 8 40 0 180
魔星之塔一层 50 50 白羊座・穆 40 3 60 0 5
魔星之塔一层 50 50 金牛座・亚鲁迪巴 40 3 60 0 5
魔星之塔一层 50 50 双子座・撒加 40 3 60 0 5
魔星之塔一层 50 50 射手座・艾欧里斯 40 3 80 0 244
魔星之塔一层 50 50 水瓶座・卡妙 40 3 80 0 244

魔星之塔二层 50 50 日冕圣斗士 40 20 20 0 250
魔星之塔二层 50 50 白鸟星座・冰河 40 10 30 0 146
魔星之塔二层 50 50 仙女星座・瞬 40 10 30 0 146
魔星之塔二层 50 50 凤凰星座・一辉 40 10 30 0 146
魔星之塔二层 50 50 乌鸦座・基米安 40 8 40 0 180
魔星之塔二层 50 50 蜥蜴座・美斯迪 40 8 40 0 180
魔星之塔二层 50 50 白鲸座・魔西斯 40 8 40 0 180
魔星之塔二层 50 50 白羊座・穆 40 3 60 0 5
魔星之塔二层 50 50 金牛座・亚鲁迪巴 40 3 60 0 5
魔星之塔二层 50 50 双子座・撒加 40 3 60 0 5
魔星之塔二层 50 50 射手座・艾欧里斯 40 3 80 0 244
魔星之塔二层 50 50 水瓶座・卡妙 40 3 80 0 244


魔星之塔三层 50 50 日冕圣斗士 40 20 20 0 250
魔星之塔三层 50 50 白鸟星座・冰河 40 10 30 0 146
魔星之塔三层 50 50 仙女星座・瞬 40 10 30 0 146
魔星之塔三层 50 50 凤凰星座・一辉 40 10 30 0 146
魔星之塔三层 50 50 乌鸦座・基米安 40 8 40 0 180
魔星之塔三层 50 50 蜥蜴座・美斯迪 40 8 40 0 180
魔星之塔三层 50 50 白鲸座・魔西斯 40 8 40 0 180
魔星之塔三层 50 50 白羊座・穆 40 3 60 0 5
魔星之塔三层 50 50 金牛座・亚鲁迪巴 40 3 60 0 5
魔星之塔三层 50 50 双子座・撒加 40 3 60 0 5
魔星之塔三层 50 50 射手座・艾欧里斯 40 3 80 0 244
魔星之塔三层 50 50 水瓶座・卡妙 40 3 80 0 244

魔星之塔四层 50 50 日冕圣斗士 40 20 20 0 250
魔星之塔四层 50 50 白鸟星座・冰河 40 10 30 0 146
魔星之塔四层 50 50 仙女星座・瞬 40 10 30 0 146
魔星之塔四层 50 50 凤凰星座・一辉 40 10 30 0 146
魔星之塔四层 50 50 乌鸦座・基米安 40 8 40 0 180
魔星之塔四层 50 50 蜥蜴座・美斯迪 40 8 40 0 180
魔星之塔四层 50 50 白鲸座・魔西斯 40 8 40 0 180
魔星之塔四层 50 50 白羊座・穆 40 3 60 0 5
魔星之塔四层 50 50 金牛座・亚鲁迪巴 40 3 60 0 5
魔星之塔四层 50 50 双子座・撒加 40 3 60 0 5
魔星之塔四层 50 50 射手座・艾欧里斯 40 3 80 0 244
魔星之塔四层 50 50 水瓶座・卡妙 40 3 80 0 244

魔星之塔五层 50 50 天马星座・星矢 40 5 30 0 146
魔星之塔五层 50 50 天龙星座・紫龙 40 5 30 0 146
魔星之塔五层 50 50 白鸟星座・冰河 40 5 30 0 146
魔星之塔五层 50 50 仙女星座・瞬 40 5 30 0 146
魔星之塔五层 50 50 凤凰星座・一辉 40 5 30 0 146
魔星之塔五层 50 50 天鹰座・魔铃 40 5 30 0 146
魔星之塔五层 50 50 蛇夫座・莎娜 40 5 30 0 146
魔星之塔五层 50 50 蜥蜴座・美斯迪 40 4 40 0 180
魔星之塔五层 50 50 白鲸座・魔西斯 40 4 40 0 180
魔星之塔五层 50 50 猎犬座・亚迪里安 40 4 40 0 180
魔星之塔五层 50 50 半人马座・巴比伦 40 4 40 0 180
魔星之塔五层 50 50 英仙座・亚鲁歌路 40 4 40 0 180
魔星之塔五层 50 50 乌鸦座・基米安 40 4 40 0 180
魔星之塔五层 50 50 御夫座・加比拉 40 4 40 0 180
魔星之塔五层 50 50 地狱犬座・达迪 40 3 60 0 5
魔星之塔五层 50 50 仙皇座・亚路比奥尼 40 3 60 0 5
魔星之塔五层 50 50 白羊座・穆 40 3 60 0 5
魔星之塔五层 50 50 金牛座・亚鲁迪巴 40 3 60 0 5
魔星之塔五层 50 50 双子座・撒加 40 3 60 0 5
魔星之塔五层 50 50 巨蟹座・迪斯马斯克 40 3 60 0 5
魔星之塔五层 50 50 狮子座・艾欧里亚 40 3 60 0 5
魔星之塔五层 50 50 处女座・沙加 40 3 60 0 5
魔星之塔五层 50 50 天秤座・童虎 40 2 80 0 244
魔星之塔五层 50 50 天蝎座・米罗 40 2 80 0 244
魔星之塔五层 50 50 射手座・艾欧里斯 40 2 80 0 244
魔星之塔五层 50 50 山羊座・修罗 40 2 80 0 244
魔星之塔五层 50 50 水瓶座・卡妙 40 2 80 0 244
魔星之塔五层 50 50 双鱼座・阿布罗迪 40 2 80 0 244


黄金十二宫一层 50 60 天马星座・星矢 40 7 20 0 146
黄金十二宫一层 50 60 天龙星座・紫龙 40 7 20 0 146
黄金十二宫一层 50 60 白鸟星座・冰河 40 7 20 0 146
黄金十二宫一层 50 60 仙女星座・瞬 40 7 20 0 146
黄金十二宫一层 50 60 凤凰星座・一辉 40 7 20 0 146
黄金十二宫一层 50 60 天鹰座・魔铃 40 7 20 0 146
黄金十二宫一层 50 60 蛇夫座・莎娜 40 7 20 0 146

黄金十二宫二层 50 60 蜥蜴座・美斯迪 40 5 40 0 180
黄金十二宫二层 50 60 白鲸座・魔西斯 40 5 40 0 180
黄金十二宫二层 50 60 猎犬座・亚迪里安 40 5 40 0 180
黄金十二宫二层 50 60 半人马座・巴比伦 40 5 40 0 180
黄金十二宫二层 50 60 英仙座・亚鲁歌路 40 5 40 0 180
黄金十二宫二层 50 60 乌鸦座・基米安 40 5 40 0 180
黄金十二宫二层 50 60 御夫座・加比拉 40 5 40 0 180

黄金十二宫三层 50 60 地狱犬座・达迪 40 5 60 0 5
黄金十二宫三层 50 60 仙皇座・亚路比奥尼 40 5 60 0 5
黄金十二宫三层 50 60 白羊座・穆 40 5 60 0 5
黄金十二宫三层 50 60 金牛座・亚鲁迪巴 40 5 60 0 5
黄金十二宫三层 50 60 双子座・撒加 40 5 60 0 5
黄金十二宫三层 50 60 巨蟹座・迪斯马斯克 40 5 60 0 5
黄金十二宫三层 50 60 狮子座・艾欧里亚 40 5 60 0 5
黄金十二宫三层 50 60 处女座・沙加 40 5 60 0 5

黄金十二宫四层 50 60 天秤座・童虎 40 5 60 0 244
黄金十二宫四层 50 60 天蝎座・米罗 40 5 60 0 244
黄金十二宫四层 50 60 射手座・艾欧里斯 40 5 60 0 244
黄金十二宫四层 50 60 山羊座・修罗 40 5 60 0 244
黄金十二宫四层 50 60 水瓶座・卡妙 40 5 60 0 244
黄金十二宫四层 50 60 双鱼座・阿布罗迪 40 5 60 0 244

半人马森林 123 133 青铜圣斗士 100 30 20 0 250
半人马森林 123 133 白银圣斗士 100 30 20 0 250
半人马森林 123 133 黄金圣斗士 100 30 20 0 250
半人马森林 123 133 仙女星座・瞬 100 30 30 0 146
半人马森林 123 133 凤凰星座・一辉 100 30 30 0 146
半人马森林 123 133 天鹰座・魔铃 100 30 30 0 146
半人马森林 123 133 蛇夫座・莎娜 100 30 30 0 146
半人马森林 123 133 猎犬座・亚迪里安 100 20 40 0 180
半人马森林 123 133 半人马座・巴比伦 100 20 40 0 180
半人马森林 123 133 英仙座・亚鲁歌路 100 20 40 0 180
半人马森林 123 133 地狱犬座・达迪 100 10 60 0 5
半人马森林 123 133 仙皇座・亚路比奥尼 100 10 60 0 5
半人马森林 123 133 白羊座・穆 100 10 60 0 5
半人马森林 123 133 天秤座・童虎 100 5 80 0 244
半人马森林 123 133 天蝎座・米罗 100 5 80 0 244



水浒异世界 128 101 宋兵甲 180 20 50 0 250
水浒异世界 128 101 宋兵甲 180 20 50 0 250
水浒异世界 128 101 宋兵甲 180 20 50 0 250
水浒异世界 128 101 宋兵乙 180 20 50 0 250
水浒异世界 128 101 宋兵乙 180 20 50 0 250
水浒异世界 128 101 宋兵丙 180 20 50 0 250
水浒异世界 128 101 宋兵丙 180 20 50 0 250
水浒异世界 128 101 宋兵丁 180 20 50 0 250
水浒异世界 128 101 宋兵丁 180 20 50 0 250

水浒异世界 128 101 小李广・花荣 180 10 60 0 146
水浒异世界 128 101 智多星・吴用 180 10 60 0 146
水浒异世界 128 101 铁扇子・宋清 180 10 60 0 146
水浒异世界 128 101 黑旋风・李逵 180 10 60 0 146
水浒异世界 128 101 呼保义・宋江 180 10 60 0 146
水浒异世界 128 101 玉麒麟・卢俊义 180 10 60 0 146
水浒异世界 128 101 轰天雷・凌振 180 10 60 0 146
水浒异世界 128 101 小遮拦・穆春 180 10 60 0 146

水浒异世界 128 101 混世魔王・樊瑞 180 8 80 0 180
水浒异世界 128 101 神机军师・朱武 180 8 80 0 180
水浒异世界 128 101 神算子・蒋敬 180 8 80 0 180
水浒异世界 128 101 锦豹子杨林 180 8 80 0 180
水浒异世界 128 101 铁面孔目・裴宣 180 8 80 0 180
水浒异世界 128 101 一枝花蔡庆 180 8 80 0 180
水浒异世界 128 101 独角龙・邹润 180 8 80 0 180

景阳冈 60 51 宋兵甲 45 20 30 0 250
景阳冈 60 51 宋兵甲 45 20 30 0 250
景阳冈 60 51 宋兵甲 45 20 30 0 250
景阳冈 60 51 宋兵乙 45 20 30 0 250
景阳冈 60 51 宋兵乙 45 20 30 0 250
景阳冈 60 51 宋兵丙 45 20 30 0 250
景阳冈 60 51 宋兵丙 45 20 30 0 250
景阳冈 60 51 宋兵丁 45 20 30 0 250
景阳冈 60 51 宋兵丁 45 20 30 0 250
景阳冈 60 51 小李广・花荣 45 10 60 0 146
景阳冈 60 51 智多星・吴用 45 10 60 0 146
景阳冈 60 51 铁扇子・宋清 45 10 60 0 146
景阳冈 60 51 黑旋风・李逵 45 10 60 0 146
景阳冈 60 51 呼保义・宋江 45 10 60 0 146
景阳冈 60 51 玉麒麟・卢俊义 45 10 60 0 146
景阳冈 60 51 轰天雷・凌振 45 10 60 0 146
景阳冈 60 51 小遮拦・穆春 45 10 60 0 146
景阳冈 60 51 混世魔王・樊瑞 45 3 80 0 180
景阳冈 60 51 神机军师・朱武 45 3 80 0 180
景阳冈 60 51 神算子・蒋敬 45 3 80 0 180
景阳冈 60 51 锦豹子杨林 45 3 80 0 180
景阳冈 60 51 铁面孔目・裴宣 45 3 80 0 180
景阳冈 60 51 一枝花蔡庆 45 3 80 0 180
景阳冈 60 51 独角龙・邹润 45 3 80 0 180
景阳冈 60 51 母大虫・顾大嫂 45 1 80 0 5
景阳冈 60 51 小尉迟・孙新 45 1 80 0 5
景阳冈 60 51 病尉迟・孙立 45 1 80 0 5
景阳冈 60 51 镇三山・黄信 45 1 80 0 5
景阳冈 60 51 美髯公・朱仝 45 1 80 0 5
景阳冈 60 51 双鞭・呼延灼 45 1 80 0 5
景阳冈 60 51 大刀・关胜 45 1 80 0 5
景阳冈 60 51 鬼脸儿・杜兴 45 1 80 0 5
景阳冈 60 51 扑天雕・李应 45 1 100 0 244     6215
6207

景阳冈 60 51 小旋风・柴进 45 1 100 0 244
景阳冈 60 51 活阎王・阮小七 45 1 100 0 244
景阳冈 60 51 神行太保・戴宗 45 1 100 0 244
景阳冈 60 51 翻江蜃・童猛 45 1 100 0 244
景阳冈 60 51 出洞蛟・童威 45 1 100 0 244
景阳冈 60 51 混江龙・李俊 45 1 100 0 244
景阳冈 60 51 浪子・燕青 45 1 100 0 244
景阳冈 60 51 鼓上蚤・时迁 45 1 100 0 244




演武场 104 81 宋兵甲 104 20 30 0 250
演武场 104 81 宋兵甲 104 20 30 0 250
演武场 104 81 宋兵甲 104 20 30 0 250
演武场 104 81 宋兵乙 104 20 30 0 250
演武场 104 81 宋兵乙 104 20 30 0 250
演武场 104 81 宋兵丙 104 20 30 0 250
演武场 104 81 宋兵丙 104 20 30 0 250
演武场 104 81 宋兵丁 104 20 30 0 250
演武场 104 81 宋兵丁 104 20 30 0 250
演武场 104 81 小李广・花荣 104 10 60 0 146
演武场 104 81 智多星・吴用 104 10 60 0 146
演武场 104 81 铁扇子・宋清 104 10 60 0 146
演武场 104 81 黑旋风・李逵 104 10 60 0 146
演武场 104 81 呼保义・宋江 104 10 60 0 146
演武场 104 81 玉麒麟・卢俊义 104 10 60 0 146
演武场 104 81 轰天雷・凌振 104 10 60 0 146
演武场 104 81 小遮拦・穆春 104 10 60 0 146
演武场 104 81 混世魔王・樊瑞 104 3 80 0 180
演武场 104 81 神机军师・朱武 104 3 80 0 180
演武场 104 81 神算子・蒋敬 104 3 80 0 180
演武场 104 81 锦豹子杨林 104 3 80 0 180
演武场 104 81 铁面孔目・裴宣 104 3 80 0 180
演武场 104 81 一枝花蔡庆 104 3 80 0 180
演武场 104 81 独角龙・邹润 104 3 80 0 180
演武场 104 81 母大虫・顾大嫂 104 2 80 0 5
演武场 104 81 小尉迟・孙新 104 2 80 0 5
演武场 104 81 病尉迟・孙立 104 2 80 0 5
演武场 104 81 镇三山・黄信 104 2 80 0 5
演武场 104 81 美髯公・朱仝 104 2 80 0 5
演武场 104 81 双鞭・呼延灼 104 2 80 0 5
演武场 104 81 大刀・关胜 104 2 80 0 5
演武场 104 81 鬼脸儿・杜兴 104 2 80 0 5
演武场 104 81 扑天雕・李应 104 2 100 0 244
演武场 104 81 小旋风・柴进 104 2 100 0 244
演武场 104 81 活阎王・阮小七 104 2 100 0 244
演武场 104 81 神行太保・戴宗 104 2 100 0 244
演武场 104 81 翻江蜃・童猛 104 2 100 0 244
演武场 104 81 出洞蛟・童威 104 2 100 0 244
演武场 104 81 混江龙・李俊 104 2 100 0 244
演武场 104 81 浪子・燕青 104 2 100 0 244
演武场 104 81 鼓上蚤・时迁 104 2 100 0 244




方腊领地 68 77 宋兵甲 68 10 20 0 250
方腊领地 68 77 宋兵甲 68 10 20 0 250
方腊领地 68 77 宋兵甲 68 10 20 0 250
方腊领地 68 77 宋兵乙 68 10 20 0 250
方腊领地 68 77 宋兵乙 68 10 20 0 250
方腊领地 68 77 宋兵丙 68 10 20 0 250
方腊领地 68 77 宋兵丙 68 10 20 0 250
方腊领地 68 77 宋兵丁 68 10 20 0 250
方腊领地 68 77 宋兵丁 68 10 20 0 250
方腊领地 68 77 小李广・花荣 68 10 60 0 146
方腊领地 68 77 智多星・吴用 68 10 60 0 146
方腊领地 68 77 铁扇子・宋清 68 10 60 0 146
方腊领地 68 77 黑旋风・李逵 68 10 60 0 146
方腊领地 68 77 呼保义・宋江 68 10 60 0 146
方腊领地 68 77 玉麒麟・卢俊义 68 10 60 0 146
方腊领地 68 77 轰天雷・凌振 68 10 60 0 146
方腊领地 68 77 小遮拦・穆春 68 10 60 0 146
方腊领地 68 77 混世魔王・樊瑞 68 3 80 0 180
方腊领地 68 77 神机军师・朱武 68 3 80 0 180
方腊领地 68 77 神算子・蒋敬 68 3 80 0 180
方腊领地 68 77 锦豹子杨林 68 3 80 0 180
方腊领地 68 77 铁面孔目・裴宣 68 3 80 0 180
方腊领地 68 77 一枝花蔡庆 68 3 80 0 180
方腊领地 68 77 独角龙・邹润 68 3 80 0 180
方腊领地 68 77 母大虫・顾大嫂 68 2 80 0 5
方腊领地 68 77 小尉迟・孙新 68 2 80 0 5
方腊领地 68 77 病尉迟・孙立 68 2 80 0 5
方腊领地 68 77 镇三山・黄信 68 2 80 0 5
方腊领地 68 77 美髯公・朱仝 68 2 80 0 5
方腊领地 68 77 双鞭・呼延灼 68 2 80 0 5
方腊领地 68 77 大刀・关胜 68 2 80 0 5
方腊领地 68 77 鬼脸儿・杜兴 68 2 80 0 5
方腊领地 68 77 扑天雕・李应 68 2 100 0 244
方腊领地 68 77 小旋风・柴进 68 2 100 0 244
方腊领地 68 77 活阎王・阮小七 68 2 100 0 244
方腊领地 68 77 神行太保・戴宗 68 2 100 0 244
方腊领地 68 77 翻江蜃・童猛 68 2 100 0 244
方腊领地 68 77 出洞蛟・童威 68 2 100 0 244
方腊领地 68 77 混江龙・李俊 68 2 100 0 244
方腊领地 68 77 浪子・燕青 68 2 100 0 244
方腊领地 68 77 鼓上蚤・时迁 68 2 100 0 244



梁山聚集地 132 128 宋兵甲 90 10 20 0 250
梁山聚集地 132 128 宋兵甲 90 10 20 0 250
梁山聚集地 132 128 宋兵甲 90 10 20 0 250
梁山聚集地 132 128 宋兵乙 90 10 20 0 250
梁山聚集地 132 128 宋兵乙 90 10 20 0 250
梁山聚集地 132 128 宋兵丙 90 10 20 0 250
梁山聚集地 132 128 宋兵丙 90 10 20 0 250
梁山聚集地 132 128 宋兵丁 90 10 20 0 250
梁山聚集地 132 128 宋兵丁 90 10 20 0 250
梁山聚集地 132 128 小李广・花荣 90 10 60 0 146
梁山聚集地 132 128 智多星・吴用 90 10 60 0 146
梁山聚集地 132 128 铁扇子・宋清 90 10 60 0 146
梁山聚集地 132 128 黑旋风・李逵 90 10 60 0 146
梁山聚集地 132 128 呼保义・宋江 90 10 60 0 146
梁山聚集地 132 128 玉麒麟・卢俊义 90 10 60 0 146
梁山聚集地 132 128 轰天雷・凌振 90 10 60 0 146
梁山聚集地 132 128 小遮拦・穆春 90 10 60 0 146
梁山聚集地 132 128 混世魔王・樊瑞 90 3 80 0 180
梁山聚集地 132 128 神机军师・朱武 90 3 80 0 180
梁山聚集地 132 128 神算子・蒋敬 90 3 80 0 180
梁山聚集地 132 128 锦豹子杨林 90 3 80 0 180
梁山聚集地 132 128 铁面孔目・裴宣 90 3 80 0 180
梁山聚集地 132 128 一枝花蔡庆 90 3 80 0 180
梁山聚集地 132 128 独角龙・邹润 90 3 80 0 180
梁山聚集地 132 128 母大虫・顾大嫂 90 2 80 0 5
梁山聚集地 132 128 小尉迟・孙新 90 2 80 0 5
梁山聚集地 132 128 病尉迟・孙立 90 2 80 0 5
梁山聚集地 132 128 镇三山・黄信 90 2 80 0 5
梁山聚集地 132 128 美髯公・朱仝 90 2 80 0 5
梁山聚集地 132 128 双鞭・呼延灼 90 2 80 0 5
梁山聚集地 132 128 大刀・关胜 90 2 80 0 5
梁山聚集地 132 128 鬼脸儿・杜兴 90 2 80 0 5
梁山聚集地 132 128 扑天雕・李应 90 2 100 0 244
梁山聚集地 132 128 小旋风・柴进 90 2 100 0 244
梁山聚集地 132 128 活阎王・阮小七 90 2 100 0 244
梁山聚集地 132 128 神行太保・戴宗 90 2 100 0 244
梁山聚集地 132 128 翻江蜃・童猛 90 2 100 0 244
梁山聚集地 132 128 出洞蛟・童威 90 2 100 0 244
梁山聚集地 132 128 混江龙・李俊 90 2 100 0 244
梁山聚集地 132 128 浪子・燕青 90 2 100 0 244
梁山聚集地 132 128 鼓上蚤・时迁 90 2 100 0 244




大宋虎牢一层 51 47 小李广・花荣 45 5 40 0 146
大宋虎牢一层 51 47 智多星・吴用 45 5 40 0 146
大宋虎牢一层 51 47 铁扇子・宋清 45 5 40 0 146
大宋虎牢一层 51 47 黑旋风・李逵 45 5 40 0 146
大宋虎牢一层 51 47 呼保义・宋江 45 5 40 0 146
大宋虎牢一层 51 47 玉麒麟・卢俊义 45 5 40 0 146
大宋虎牢一层 51 47 轰天雷・凌振 45 5 40 0 146
大宋虎牢一层 51 47 小遮拦・穆春 45 5 40 0 146
大宋虎牢一层 51 47 混世魔王・樊瑞 45 5 60 0 180
大宋虎牢一层 51 47 神机军师・朱武 45 5 60 0 180
大宋虎牢一层 51 47 神算子・蒋敬 45 5 60 0 180
大宋虎牢一层 51 47 锦豹子杨林 45 5 60 0 180
大宋虎牢一层 51 47 铁面孔目・裴宣 45 5 60 0 180
大宋虎牢一层 51 47 一枝花蔡庆 45 5 60 0 180
大宋虎牢一层 51 47 独角龙・邹润 45 5 60 0 180


大宋虎牢二层 51 47 混世魔王・樊瑞 45 5 60 0 180
大宋虎牢二层 51 47 神机军师・朱武 45 5 60 0 180
大宋虎牢二层 51 47 神算子・蒋敬 45 5 60 0 180
大宋虎牢二层 51 47 锦豹子杨林 45 5 60 0 180
大宋虎牢二层 51 47 铁面孔目・裴宣 45 5 60 0 180
大宋虎牢二层 51 47 一枝花蔡庆 45 5 60 0 180
大宋虎牢二层 51 47 独角龙・邹润 45 5 60 0 180
大宋虎牢二层 51 47 母大虫・顾大嫂 45 3 60 0 5
大宋虎牢二层 51 47 小尉迟・孙新 45 3 60 0 5
大宋虎牢二层 51 47 病尉迟・孙立 45 3 60 0 5
大宋虎牢二层 51 47 镇三山・黄信 45 3 60 0 5
大宋虎牢二层 51 47 美髯公・朱仝 45 3 60 0 5
大宋虎牢二层 51 47 双鞭・呼延灼 45 3 60 0 5
大宋虎牢二层 51 47 大刀・关胜 45 3 60 0 5
大宋虎牢二层 51 47 鬼脸儿・杜兴 45 3 60 0 5


大宋虎牢三层 51 47 扑天雕・李应 45 5 60 0 244
大宋虎牢三层 51 47 小旋风・柴进 45 5 60 0 244
大宋虎牢三层 51 47 活阎王・阮小七 45 5 60 0 244
大宋虎牢三层 51 47 神行太保・戴宗 45 5 60 0 244
大宋虎牢三层 51 47 翻江蜃・童猛 45 5 60 0 244
大宋虎牢三层 51 47 出洞蛟・童威 45 5 60 0 244
大宋虎牢三层 51 47 混江龙・李俊 45 5 60 0 244
大宋虎牢三层 51 47 浪子・燕青 45 5 60 0 244
大宋虎牢三层 51 47 鼓上蚤・时迁 45 5 60 0 244
大宋虎牢三层 51 47 母大虫・顾大嫂 45 5 60 0 5
大宋虎牢三层 51 47 小尉迟・孙新 45 5 60 0 5
大宋虎牢三层 51 47 病尉迟・孙立 45 5 60 0 5
大宋虎牢三层 51 47 镇三山・黄信 45 5 60 0 5
大宋虎牢三层 51 47 美髯公・朱仝 45 5 60 0 5
大宋虎牢三层 51 47 双鞭・呼延灼 45 5 60 0 5
大宋虎牢三层 51 47 大刀・关胜 45 5 60 0 5
大宋虎牢三层 51 47 鬼脸儿・杜兴 45 5 60 0 5


诛仙异世界 120 147 碧瑶 210 20 30 0 180
诛仙异世界 120 147 苏茹 210 20 30 0 180
诛仙异世界 120 147 曾叔常 210 20 30 0 180
诛仙异世界 120 147 田灵儿 210 20 30 0 180
诛仙异世界 120 147 万剑一 210 20 30 0 180
诛仙异世界 120 147 苍松道人 210 20 30 0 180
诛仙异世界 120 147 陆雪琪 210 20 30 0 180

诛仙异世界 120 147 道玄真人 210 10 60 0 5
诛仙异世界 120 147 田不易 210 10 60 0 5
诛仙异世界 120 147 水月 210 10 60 0 5
诛仙异世界 120 147 林惊羽 210 10 60 0 5
诛仙异世界 120 147 曾书书 210 10 60 0 5
诛仙异世界 120 147 李洵 210 10 60 0 5


青云门 95 88 碧瑶 75 20 30 0 180
青云门 95 88 苏茹 75 20 30 0 180
青云门 95 88 曾叔常 75 20 30 0 180
青云门 95 88 田灵儿 75 20 30 0 180
青云门 95 88 万剑一 75 20 30 0 180
青云门 95 88 苍松道人 75 20 30 0 180
青云门 95 88 陆雪琪 75 20 30 0 180
青云门 95 88 道玄真人 75 10 60 0 5
青云门 95 88 田不易 75 10 60 0 5
青云门 95 88 水月 75 10 60 0 5
青云门 95 88 林惊羽 75 10 60 0 5
青云门 95 88 曾书书 75 10 60 0 5
青云门 95 88 李洵 75 10 60 0 5
青云门 95 88 云易岚 75 5 100 0 244
青云门 95 88 上官策 75 5 100 0 244
青云门 95 88 法相 75 5 100 0 244
青云门 95 88 普泓上人 75 5 100 0 244
青云门 95 88 朱雀 75 5 100 0 244
青云门 95 88 青龙 75 5 100 0 244
青云门 95 88 周一仙 75 5 100 0 244
青云门 95 88 秦无炎 75 5 100 0 244
青云门 95 88 鬼先生 75 3 120 0 249
青云门 95 88 鬼王 75 3 120 0 249
青云门 95 88 鬼厉 75 3 120 0 249
青云门 95 88 张小凡 75 3 120 0 249


鬼王宗 65 78 碧瑶 78 20 30 0 180
鬼王宗 65 78 苏茹 78 20 30 0 180
鬼王宗 65 78 曾叔常 78 20 30 0 180
鬼王宗 65 78 田灵儿 78 20 30 0 180
鬼王宗 65 78 万剑一 78 20 30 0 180
鬼王宗 65 78 苍松道人 78 20 30 0 180
鬼王宗 65 78 陆雪琪 78 20 30 0 180
鬼王宗 65 78 道玄真人 78 10 60 0 5
鬼王宗 65 78 田不易 78 10 60 0 5
鬼王宗 65 78 水月 78 10 60 0 5
鬼王宗 65 78 林惊羽 78 10 60 0 5
鬼王宗 65 78 曾书书 78 10 60 0 5
鬼王宗 65 78 李洵 78 10 60 0 5
鬼王宗 65 78 云易岚 78 5 100 0 244
鬼王宗 65 78 上官策 78 5 100 0 244
鬼王宗 65 78 法相 78 5 100 0 244
鬼王宗 65 78 普泓上人 78 5 100 0 244
鬼王宗 65 78 朱雀 78 5 100 0 244
鬼王宗 65 78 青龙 78 5 100 0 244
鬼王宗 65 78 周一仙 78 5 100 0 244
鬼王宗 65 78 秦无炎 78 5 100 0 244
鬼王宗 65 78 鬼先生 78 3 120 0 249
鬼王宗 65 78 鬼王 78 3 120 0 249
鬼王宗 65 78 鬼厉 78 3 120 0 249
鬼王宗 65 78 张小凡 78 3 120 0 249


焚香谷 148 152 碧瑶 130 20 30 0 180
焚香谷 148 152 苏茹 130 20 30 0 180
焚香谷 148 152 曾叔常 130 20 30 0 180
焚香谷 148 152 田灵儿 130 20 30 0 180
焚香谷 148 152 万剑一 130 20 30 0 180
焚香谷 148 152 苍松道人 130 20 30 0 180
焚香谷 148 152 陆雪琪 130 20 30 0 180
焚香谷 148 152 道玄真人 130 10 60 0 5
焚香谷 148 152 田不易 130 10 60 0 5
焚香谷 148 152 水月 130 10 60 0 5
焚香谷 148 152 林惊羽 130 10 60 0 5
焚香谷 148 152 曾书书 130 10 60 0 5
焚香谷 148 152 李洵 130 10 60 0 5
焚香谷 148 152 云易岚 130 5 100 0 244
焚香谷 148 152 上官策 130 5 100 0 244
焚香谷 148 152 法相 130 5 100 0 244
焚香谷 148 152 普泓上人 130 5 100 0 244
焚香谷 148 152 朱雀 130 5 100 0 244
焚香谷 148 152 青龙 130 5 100 0 244
焚香谷 148 152 周一仙 130 5 100 0 244
焚香谷 148 152 秦无炎 130 5 100 0 244
焚香谷 148 152 鬼先生 130 3 120 0 249
焚香谷 148 152 鬼王 130 3 120 0 249
焚香谷 148 152 鬼厉 130 3 120 0 249
焚香谷 148 152 张小凡 130 3 120 0 249


天音寺 59 51 碧瑶 43 20 30 0 180
天音寺 59 51 苏茹 43 20 30 0 180
天音寺 59 51 曾叔常 43 20 30 0 180
天音寺 59 51 田灵儿 43 20 30 0 180
天音寺 59 51 万剑一 43 20 30 0 180
天音寺 59 51 苍松道人 43 20 30 0 180
天音寺 59 51 陆雪琪 43 20 30 0 180
天音寺 59 51 道玄真人 43 10 60 0 5
天音寺 59 51 田不易 43 10 60 0 5
天音寺 59 51 水月 43 10 60 0 5
天音寺 59 51 林惊羽 43 10 60 0 5
天音寺 59 51 曾书书 43 10 60 0 5
天音寺 59 51 李洵 43 10 60 0 5
天音寺 59 51 云易岚 43 5 100 0 244
天音寺 59 51 上官策 43 5 100 0 244
天音寺 59 51 法相 43 5 100 0 244
天音寺 59 51 普泓上人 43 5 100 0 244
天音寺 59 51 朱雀 43 5 100 0 244
天音寺 59 51 青龙 43 5 100 0 244
天音寺 59 51 周一仙 43 5 100 0 244
天音寺 59 51 秦无炎 43 5 100 0 244
天音寺 59 51 鬼先生 43 3 120 0 249
天音寺 59 51 鬼王 43 3 120 0 249
天音寺 59 51 鬼厉 43 3 120 0 249
天音寺 59 51 张小凡 43 3 120 0 249



暗黑异世界 132 132 骨灰 220 20 100 0 244
暗黑异世界 132 132 女伯爵 220 20 100 0 244
暗黑异世界 132 132 毕须博须 220 20 100 0 244
暗黑异世界 132 132 尸体发火 220 20 100 0 244
暗黑异世界 132 132 燃烧者・韦布 220 20 100 0 244
暗黑异世界 132 132 矫正者・怪异 220 20 100 0 244
暗黑异世界 132 132 狂暴者・眼魔 220 20 100 0 244
暗黑异世界 132 132 火焰之指・吉列布 220 20 100 0 244
暗黑异世界 132 132 冰拳・托克 220 20 100 0 244
暗黑异世界 132 132 裂缝之翼・冰鹰 220 20 100 0 244
暗黑异世界 132 132 战场处子・沙利娜 220 20 100 0 244
暗黑异世界 132 132 古巫医・印都 220 20 100 0 244
暗黑异世界 132 132 巴尔 220 10 120 0 249
暗黑异世界 132 132 暗黑破坏神 220 10 120 0 249
暗黑异世界 132 132 墨菲斯托 220 10 120 0 249
暗黑异世界 132 132 安达利尔 220 10 120 0 249

哈洛加斯 102 80 骨灰 85 8 100 0 244
哈洛加斯 102 80 女伯爵 85 8 100 0 244
哈洛加斯 102 80 毕须博须 85 8 100 0 244
哈洛加斯 102 80 尸体发火 85 8 100 0 244
哈洛加斯 102 80 燃烧者・韦布 85 8 100 0 244
哈洛加斯 102 80 矫正者・怪异 85 8 100 0 244
哈洛加斯 102 80 狂暴者・眼魔 85 8 100 0 244
哈洛加斯 102 80 火焰之指・吉列布 85 8 100 0 244
哈洛加斯 102 80 冰拳・托克 85 8 100 0 244
哈洛加斯 102 80 裂缝之翼・冰鹰 85 8 100 0 244
哈洛加斯 102 80 战场处子・沙利娜 85 8 100 0 244
哈洛加斯 102 80 古巫医・印都 85 8 100 0 244
哈洛加斯 102 80 巴尔 85 3 120 0 249
哈洛加斯 102 80 暗黑破坏神 85 3 120 0 249
哈洛加斯 102 80 墨菲斯托 85 3 120 0 249
哈洛加斯 102 80 安达利尔 85 3 120 0 249
哈洛加斯 102 80 都瑞尔 85 3 120 0 249
哈洛加斯 102 80 达克法恩 85 3 120 0 249
哈洛加斯 102 80 西希之王 85 3 120 0 249
哈洛加斯 102 80 尼拉塞克 85 3 120 0 249
哈洛加斯 102 80 罗达门特 85 3 120 0 249
哈洛加斯 102 80 血鸟 85 3 120 0 249
哈洛加斯 102 80 龙手・马弗 85 3 120 0 249
哈洛加斯 102 80 邪恶之手・伊斯梅尔 85 3 120 0 249
哈洛加斯 102 80 空虚之指・维恩 85 3 120 0 249
哈洛加斯 102 80 火花之拳・布瑞姆 85 3 120 0 249

世界之石大殿 97 71 骨灰 65 8 100 0 244
世界之石大殿 97 71 女伯爵 65 8 100 0 244
世界之石大殿 97 71 毕须博须 65 8 100 0 244
世界之石大殿 97 71 尸体发火 65 8 100 0 244
世界之石大殿 97 71 燃烧者・韦布 65 8 100 0 244
世界之石大殿 97 71 矫正者・怪异 65 8 100 0 244
世界之石大殿 97 71 狂暴者・眼魔 65 8 100 0 244
世界之石大殿 97 71 火焰之指・吉列布 65 8 100 0 244
世界之石大殿 97 71 冰拳・托克 65 8 100 0 244
世界之石大殿 97 71 裂缝之翼・冰鹰 65 8 100 0 244
世界之石大殿 97 71 战场处子・沙利娜 65 8 100 0 244
世界之石大殿 97 71 古巫医・印都 65 8 100 0 244
世界之石大殿 97 71 巴尔 65 3 120 0 249
世界之石大殿 97 71 暗黑破坏神 65 3 120 0 249
世界之石大殿 97 71 墨菲斯托 65 3 120 0 249
世界之石大殿 97 71 安达利尔 65 3 120 0 249
世界之石大殿 97 71 都瑞尔 65 3 120 0 249
世界之石大殿 97 71 达克法恩 65 3 120 0 249
世界之石大殿 97 71 西希之王 65 3 120 0 249
世界之石大殿 97 71 尼拉塞克 65 3 120 0 249
世界之石大殿 97 71 罗达门特 65 3 120 0 249
世界之石大殿 97 71 血鸟 65 3 120 0 249
世界之石大殿 97 71 龙手・马弗 65 3 120 0 249
世界之石大殿 97 71 邪恶之手・伊斯梅尔 65 3 120 0 249
世界之石大殿 97 71 空虚之指・维恩 65 3 120 0 249
世界之石大殿 97 71 火花之拳・布瑞姆 65 3 120 0 249


混沌避难所 79 65 骨灰 70 8 100 0 244
混沌避难所 79 65 女伯爵 70 8 100 0 244
混沌避难所 79 65 毕须博须 70 8 100 0 244
混沌避难所 79 65 尸体发火 70 8 100 0 244
混沌避难所 79 65 燃烧者・韦布 70 8 100 0 244
混沌避难所 79 65 矫正者・怪异 70 8 100 0 244
混沌避难所 79 65 狂暴者・眼魔 70 8 100 0 244
混沌避难所 79 65 火焰之指・吉列布 70 8 100 0 244
混沌避难所 79 65 冰拳・托克 70 8 100 0 244
混沌避难所 79 65 裂缝之翼・冰鹰 70 8 100 0 244
混沌避难所 79 65 战场处子・沙利娜 70 8 100 0 244
混沌避难所 79 65 古巫医・印都 70 8 100 0 244
混沌避难所 79 65 巴尔 70 3 120 0 249
混沌避难所 79 65 暗黑破坏神 70 3 120 0 249
混沌避难所 79 65 墨菲斯托 70 3 120 0 249
混沌避难所 79 65 安达利尔 70 3 120 0 249
混沌避难所 79 65 都瑞尔 70 3 120 0 249
混沌避难所 79 65 达克法恩 70 3 120 0 249
混沌避难所 79 65 西希之王 70 3 120 0 249
混沌避难所 79 65 尼拉塞克 70 3 120 0 249
混沌避难所 79 65 罗达门特 70 3 120 0 249
混沌避难所 79 65 血鸟 70 3 120 0 249
混沌避难所 79 65 龙手・马弗 70 3 120 0 249
混沌避难所 79 65 邪恶之手・伊斯梅尔 70 3 120 0 249
混沌避难所 79 65 空虚之指・维恩 70 3 120 0 249
混沌避难所 79 65 火花之拳・布瑞姆 70 3 120 0 249


憎恨的囚牢 59 50 骨灰 45 8 100 0 244
憎恨的囚牢 59 50 女伯爵 45 8 100 0 244
憎恨的囚牢 59 50 毕须博须 45 8 100 0 244
憎恨的囚牢 59 50 尸体发火 45 8 100 0 244
憎恨的囚牢 59 50 燃烧者・韦布 45 8 100 0 244
憎恨的囚牢 59 50 矫正者・怪异 45 8 100 0 244
憎恨的囚牢 59 50 狂暴者・眼魔 45 8 100 0 244
憎恨的囚牢 59 50 火焰之指・吉列布 45 8 100 0 244
憎恨的囚牢 59 50 冰拳・托克 45 8 100 0 244
憎恨的囚牢 59 50 裂缝之翼・冰鹰 45 8 100 0 244
憎恨的囚牢 59 50 战场处子・沙利娜 45 8 100 0 244
憎恨的囚牢 59 50 古巫医・印都 45 8 100 0 244
憎恨的囚牢 59 50 巴尔 45 3 120 0 249
憎恨的囚牢 59 50 暗黑破坏神 45 3 120 0 249
憎恨的囚牢 59 50 墨菲斯托 45 3 120 0 249
憎恨的囚牢 59 50 安达利尔 45 3 120 0 249
憎恨的囚牢 59 50 都瑞尔 45 3 120 0 249
憎恨的囚牢 59 50 达克法恩 45 3 120 0 249
憎恨的囚牢 59 50 西希之王 45 3 120 0 249
憎恨的囚牢 59 50 尼拉塞克 45 3 120 0 249
憎恨的囚牢 59 50 罗达门特 45 3 120 0 249
憎恨的囚牢 59 50 血鸟 45 3 120 0 249
憎恨的囚牢 59 50 龙手・马弗 45 3 120 0 249
憎恨的囚牢 59 50 邪恶之手・伊斯梅尔 45 3 120 0 249
憎恨的囚牢 59 50 空虚之指・维恩 45 3 120 0 249
憎恨的囚牢 59 50 火花之拳・布瑞姆 45 3 120 0 249


都瑞尔的豪宅 141 131 骨灰 148 8 100 0 244
都瑞尔的豪宅 141 131 女伯爵 148 8 100 0 244
都瑞尔的豪宅 141 131 毕须博须 148 8 100 0 244
都瑞尔的豪宅 141 131 尸体发火 148 8 100 0 244
都瑞尔的豪宅 141 131 燃烧者・韦布 148 8 100 0 244
都瑞尔的豪宅 141 131 矫正者・怪异 148 8 100 0 244
都瑞尔的豪宅 141 131 狂暴者・眼魔 148 8 100 0 244
都瑞尔的豪宅 141 131 火焰之指・吉列布 148 8 100 0 244
都瑞尔的豪宅 141 131 冰拳・托克 148 8 100 0 244
都瑞尔的豪宅 141 131 裂缝之翼・冰鹰 148 8 100 0 244
都瑞尔的豪宅 141 131 战场处子・沙利娜 148 8 100 0 244
都瑞尔的豪宅 141 131 古巫医・印都 148 8 100 0 244
都瑞尔的豪宅 141 131 巴尔 148 3 120 0 249
都瑞尔的豪宅 141 131 暗黑破坏神 148 3 120 0 249
都瑞尔的豪宅 141 131 墨菲斯托 148 3 120 0 249
都瑞尔的豪宅 141 131 安达利尔 148 3 120 0 249
都瑞尔的豪宅 141 131 都瑞尔 148 3 120 0 249
都瑞尔的豪宅 141 131 达克法恩 148 3 120 0 249
都瑞尔的豪宅 141 131 西希之王 148 3 120 0 249
都瑞尔的豪宅 141 131 尼拉塞克 148 3 120 0 249
都瑞尔的豪宅 141 131 罗达门特 148 3 120 0 249
都瑞尔的豪宅 141 131 血鸟 148 3 120 0 249
都瑞尔的豪宅 141 131 龙手・马弗 148 3 120 0 249
都瑞尔的豪宅 141 131 邪恶之手・伊斯梅尔 148 3 120 0 249
都瑞尔的豪宅 141 131 空虚之指・维恩 148 3 120 0 249
都瑞尔的豪宅 141 131 火花之拳・布瑞姆 148 3 120 0 249


神之领域 59 65 伊邪那美 110 10 80 0 5
神之领域 59 65 伊邪那岐 110 10 80 0 5
神之领域 59 65 冥界之神・哈迪斯 110 10 80 0 5
神之领域 59 65 智慧女神・雅典娜 110 10 80 0 5
神之领域 59 65 农神・德墨忒尔 110 10 80 0 5
神之领域 59 65 月光女神・阿尔忒弥斯 110 10 80 0 5
神之领域 59 65 爱情女神・阿佛洛狄忒 110 10 80 0 5
神之领域 59 65 太阳神・阿波罗 110 10 80 0 5

陨落之地 55 73 伊邪那美 73 8 80 0 5
陨落之地 55 73 伊邪那岐 73 8 80 0 5
陨落之地 55 73 冥界之神・哈迪斯 73 8 80 0 5
陨落之地 55 73 智慧女神・雅典娜 73 8 80 0 5
陨落之地 55 73 农神・德墨忒尔 73 8 80 0 5
陨落之地 55 73 月光女神・阿尔忒弥斯 73 8 80 0 5
陨落之地 55 73 爱情女神・阿佛洛狄忒 73 8 80 0 5
陨落之地 55 73 太阳神・阿波罗 73 8 80 0 5
陨落之地 55 73 洪荒之主・鸿钧 73 4 100 0 244
陨落之地 55 73 开天辟地・盘古 73 4 100 0 244
陨落之地 55 73 创世女神・女娲 73 4 100 0 244
陨落之地 55 73 道德天尊 73 4 100 0 244
陨落之地 55 73 灵宝天尊 73 4 100 0 244
陨落之地 55 73 元始天尊 73 4 100 0 244
陨落之地 55 73 鲧古神・大禹之父 73 4 100 0 244
陨落之地 55 73 帝俊臣属・羿 73 4 100 0 244


众神之战 49 56 伊邪那美 45 8 80 0 5
众神之战 49 56 伊邪那岐 45 8 80 0 5
众神之战 49 56 冥界之神・哈迪斯 45 8 80 0 5
众神之战 49 56 智慧女神・雅典娜 45 8 80 0 5
众神之战 49 56 农神・德墨忒尔 45 8 80 0 5
众神之战 49 56 月光女神・阿尔忒弥斯 45 8 80 0 5
众神之战 49 56 爱情女神・阿佛洛狄忒 45 8 80 0 5
众神之战 49 56 太阳神・阿波罗 45 8 80 0 5
众神之战 49 56 洪荒之主・鸿钧 45 4 100 0 244
众神之战 49 56 开天辟地・盘古 45 4 100 0 244
众神之战 49 56 创世女神・女娲 45 4 100 0 244
众神之战 49 56 道德天尊 45 4 100 0 244
众神之战 49 56 灵宝天尊 45 4 100 0 244
众神之战 49 56 元始天尊 45 4 100 0 244
众神之战 49 56 鲧古神・大禹之父 45 4 100 0 244
众神之战 49 56 帝俊臣属・羿 45 4 100 0 244
众神之战 49 56 月母常羲 45 2 120 0 249
众神之战 49 56 太阳神羲和 45 2 120 0 249
众神之战 49 56 水神共工 45 2 120 0 249


青丘 35 35 洪荒之主・鸿钧 22 5 100 0 244
青丘 35 35 开天辟地・盘古 22 5 100 0 244
青丘 35 35 创世女神・女娲 22 5 100 0 244
青丘 35 35 道德天尊 22 5 100 0 244
青丘 35 35 灵宝天尊 22 5 100 0 244
青丘 35 35 元始天尊 22 5 100 0 244
青丘 35 35 鲧古神・大禹之父 22 5 100 0 244
青丘 35 35 帝俊臣属・羿 22 5 100 0 244
青丘 35 35 月母常羲 22 2 120 0 249
青丘 35 35 太阳神羲和 22 2 120 0 249
青丘 35 35 水神共工 22 2 120 0 249
青丘 35 35 巨人刑天 22 2 120 0 249
青丘 35 35 弑神蚩尤 22 2 120 0 249
青丘 35 35 三十三世・舜 22 2 120 0 249
青丘 35 35 世祖・尧 22 2 120 0 249
青丘 35 35 山海经・帝喾 22 2 120 0 249


归墟一层 52 44 伊邪那美 35 8 80 0 5
归墟一层 52 44 伊邪那岐 35 8 80 0 5
归墟一层 52 44 冥界之神・哈迪斯 35 8 80 0 5
归墟一层 52 44 智慧女神・雅典娜 35 8 80 0 5
归墟一层 52 44 农神・德墨忒尔 35 8 80 0 5
归墟一层 52 44 月光女神・阿尔忒弥斯 35 8 80 0 5
归墟一层 52 44 爱情女神・阿佛洛狄忒 35 8 80 0 5
归墟一层 52 44 太阳神・阿波罗 35 8 80 0 5
归墟一层 52 44 洪荒之主・鸿钧 35 4 100 0 244
归墟一层 52 44 开天辟地・盘古 35 4 100 0 244
归墟一层 52 44 创世女神・女娲 35 4 100 0 244
归墟一层 52 44 道德天尊 35 4 100 0 244
归墟一层 52 44 灵宝天尊 35 4 100 0 244
归墟一层 52 44 元始天尊 35 4 100 0 244
归墟一层 52 44 鲧古神・大禹之父 35 4 100 0 244
归墟一层 52 44 帝俊臣属・羿 35 4 100 0 244

归墟二层 97 77 伊邪那美 60 8 80 0 5
归墟二层 97 77 伊邪那岐 60 8 80 0 5
归墟二层 97 77 冥界之神・哈迪斯 60 8 80 0 5
归墟二层 97 77 智慧女神・雅典娜 60 8 80 0 5
归墟二层 97 77 农神・德墨忒尔 60 8 80 0 5
归墟二层 97 77 月光女神・阿尔忒弥斯 60 8 80 0 5
归墟二层 97 77 爱情女神・阿佛洛狄忒 60 8 80 0 5
归墟二层 97 77 太阳神・阿波罗 60 8 80 0 5
归墟二层 97 77 洪荒之主・鸿钧 60 4 100 0 244
归墟二层 97 77 开天辟地・盘古 60 4 100 0 244
归墟二层 97 77 创世女神・女娲 60 4 100 0 244
归墟二层 97 77 道德天尊 60 4 100 0 244
归墟二层 97 77 灵宝天尊 60 4 100 0 244
归墟二层 97 77 元始天尊 60 4 100 0 244
归墟二层 97 77 鲧古神・大禹之父 60 4 100 0 244
归墟二层 97 77 帝俊臣属・羿 60 4 100 0 244
归墟二层 97 77 月母常羲 60 2 120 0 249
归墟二层 97 77 太阳神羲和 60 2 120 0 249
归墟二层 97 77 水神共工 60 2 120 0 249
归墟二层 97 77 巨人刑天 60 2 120 0 249
归墟二层 97 77 弑神蚩尤 60 2 120 0 249
归墟二层 97 77 三十三世・舜 60 2 120 0 249
归墟二层 97 77 世祖・尧 60 2 120 0 249
归墟二层 97 77 山海经・帝喾 60 2 120 0 249


归墟三层 35 35 洪荒之主・鸿钧 22 4 100 0 244
归墟三层 35 35 开天辟地・盘古 22 4 100 0 244
归墟三层 35 35 创世女神・女娲 22 4 100 0 244
归墟三层 35 35 道德天尊 22 4 100 0 244
归墟三层 35 35 灵宝天尊 22 4 100 0 244
归墟三层 35 35 元始天尊 22 4 100 0 244
归墟三层 35 35 鲧古神・大禹之父 22 4 100 0 244
归墟三层 35 35 帝俊臣属・羿 22 4 100 0 244
归墟三层 35 35 月母常羲 22 2 120 0 249
归墟三层 35 35 太阳神羲和 22 2 120 0 249
归墟三层 35 35 水神共工 22 2 120 0 249
归墟三层 35 35 巨人刑天 22 2 120 0 249
归墟三层 35 35 弑神蚩尤 22 2 120 0 249
归墟三层 35 35 三十三世・舜 22 2 120 0 249
归墟三层 35 35 世祖・尧 22 2 120 0 249
归墟三层 35 35 山海经・帝喾 22 2 120 0 249


洪荒战场 45 44 洪荒之主・鸿钧 59 5 100 0 244
洪荒战场 45 44 开天辟地・盘古 59 5 100 0 244
洪荒战场 45 44 创世女神・女娲 59 5 100 0 244
洪荒战场 45 44 道德天尊 59 5 100 0 244
洪荒战场 45 44 灵宝天尊 59 5 100 0 244
洪荒战场 45 44 元始天尊 59 5 100 0 244
洪荒战场 45 44 鲧古神・大禹之父 59 5 100 0 244
洪荒战场 45 44 帝俊臣属・羿 59 5 100 0 244
洪荒战场 45 44 月母常羲 59 2 120 0 249
洪荒战场 45 44 太阳神羲和 59 2 120 0 249
洪荒战场 45 44 水神共工 59 2 120 0 249
洪荒战场 45 44 巨人刑天 59 2 120 0 249
洪荒战场 45 44 弑神蚩尤 59 2 120 0 249
洪荒战场 45 44 三十三世・舜 59 2 120 0 249
洪荒战场 45 44 世祖・尧 59 2 120 0 249
洪荒战场 45 44 山海经・帝喾 59 2 120 0 249



初级地图 50 47 蜈蚣 90 80 5 0 250
初级地图 50 47 跳跳蜂 90 80 5 0 250
初级地图 50 47 黑色恶蛆 90 80 5 0 250
初级地图 50 47 巨型蠕虫 90 80 5 0 250
初级地图 50 47 钳虫 90 80 5 0 250
中级地图 184 204 红野猪 300 300 5 0 250
中级地图 184 204 黑野猪 300 300 5 0 250
中级地图 184 204 蝎蛇 300 300 5 0 250
中级地图 184 204 白野猪 300 300 5 0 250
高级地图 218 184 祖玛雕像 300 300 5 0 250
高级地图 218 184 祖玛弓箭手 300 300 5 0 250
高级地图 218 184 祖玛卫士 300 300 5 0 250
高级地图 218 184 楔蛾 300 300 5 0 250
高级地图 218 184 大老鼠 300 300 5 0 250

