新手地图 14 16 0 18 0 0 0
新手地图 14 16 0 18 0 0 0
新手地图 14 16 0 18 0 0 0
新手地图 14 16 0 18 0 0 0
新手地图 14 16 0 18 0 0 0

天下主城 119 97 0 12 4 0 0

天下主城 141 91 0 6 4 0 0

西游异世界 225 90 0 6 4 0 0

三国异世界 130 62 0 8 4 0 0

帝王异世界 93 96 0 8 4 0 0

金庸异世界 170 165 0 8 4 0 0

圣斗士异世界 177 105 0 10 4 0 0

天使之城 252 314 0 8 4 0 0

水浒异世界 108 146 0 8 4 0 0

诛仙异世界 130 163 0 8 4 0 0

神之领域 211 155 0 8 4 0 0

永恒之地 145 106 0 8 4 0 0

降生之地 46 207 0 8 4 0 0

3 329 331 0 11 4 0 0
3 348 325 0 8 4 0 0
3 304 288 0 15 4 0 0

















